time	V(vgate)	V(vout)	I(D3)
0.000000000000000e+000	3.300000e+000	7.492814e-003	3.465263e-001
6.249999897583222e-013	3.300000e+000	7.492814e-003	3.465263e-001
1.249999979516644e-012	3.300000e+000	7.492814e-003	3.465263e-001
1.874999969274967e-012	3.300000e+000	7.492814e-003	3.465263e-001
2.499999959033289e-012	3.300000e+000	7.492814e-003	3.465263e-001
3.124999948791611e-012	3.300000e+000	7.492814e-003	3.465263e-001
3.749999938549933e-012	3.300000e+000	7.492814e-003	3.465263e-001
4.374999928308254e-012	3.300000e+000	7.492814e-003	3.465263e-001
8.749999856616508e-012	3.300000e+000	7.492814e-003	3.465263e-001
1.360089847921132e-011	3.299999e+000	7.492813e-003	3.465263e-001
1.857552683198755e-011	3.299999e+000	7.492812e-003	3.465263e-001
2.334920986851804e-011	3.299997e+000	7.492810e-003	3.465263e-001
2.915267722666051e-011	3.299995e+000	7.492804e-003	3.465263e-001
3.633240561350562e-011	3.299990e+000	7.492792e-003	3.465264e-001
4.548320467969268e-011	3.299980e+000	7.492763e-003	3.465264e-001
5.687866695592900e-011	3.299962e+000	7.492700e-003	3.465264e-001
7.132737251049993e-011	3.299926e+000	7.492558e-003	3.465264e-001
8.947149134336207e-011	3.299856e+000	7.492247e-003	3.465264e-001
1.125840484077163e-010	3.299719e+000	7.491568e-003	3.465264e-001
1.419839264903324e-010	3.299448e+000	7.490105e-003	3.465264e-001
1.799414881943945e-010	3.298906e+000	7.486952e-003	3.465265e-001
2.294088517487025e-010	3.297807e+000	7.480177e-003	3.465265e-001
2.955877715691281e-010	3.295515e+000	7.465388e-003	3.465266e-001
3.876706522884971e-010	3.290512e+000	7.432035e-003	3.465267e-001
5.290130307532748e-010	3.278842e+000	7.353060e-003	3.465267e-001
7.173152430704448e-010	3.258265e+000	7.213418e-003	3.465268e-001
7.699810063518946e-010	3.251237e+000	7.166052e-003	3.465269e-001
8.753125329147942e-010	3.235182e+000	7.059262e-003	3.465269e-001
1.000000000000000e-009	3.215129e+000	6.927500e-003	3.465270e-001
1.012468746708521e-009	3.213010e+000	6.913864e-003	3.465270e-001
1.037406240125562e-009	3.208771e+000	6.886683e-003	3.465270e-001
1.087281226959644e-009	3.200407e+000	6.833646e-003	3.465270e-001
1.187031200627809e-009	3.184942e+000	6.739324e-003	3.465270e-001
1.386531147964138e-009	3.159623e+000	6.600555e-003	3.465271e-001
1.594882309899002e-009	3.142489e+000	6.536542e-003	3.465272e-001
1.841326522421892e-009	3.134134e+000	6.562955e-003	3.465272e-001
2.105236863079855e-009	3.133262e+000	6.659069e-003	3.465273e-001
2.376967591035408e-009	3.133925e+000	6.769218e-003	3.465273e-001
2.625893005449466e-009	3.130832e+000	6.836409e-003	3.465274e-001
2.942026461749078e-009	3.120463e+000	6.865026e-003	3.465274e-001
3.302962899407213e-009	3.104416e+000	6.861622e-003	3.465275e-001
3.673008540067407e-009	3.088307e+000	6.862227e-003	3.465276e-001
4.050353192782796e-009	3.074999e+000	6.890760e-003	3.465276e-001
4.602301342153156e-009	3.058456e+000	6.957629e-003	3.465278e-001
5.165790538544798e-009	3.040848e+000	7.018321e-003	3.465279e-001
5.750526428496460e-009	3.021084e+000	7.067317e-003	3.465280e-001
6.488486159959527e-009	2.996342e+000	7.130811e-003	3.465281e-001
7.268390611937899e-009	2.971259e+000	7.206946e-003	3.465284e-001
8.396378944964386e-009	2.935221e+000	7.317750e-003	3.465286e-001
9.556305080001156e-009	2.898405e+000	7.432347e-003	3.465288e-001
1.187615735007469e-008	2.826438e+000	7.673507e-003	3.465292e-001
1.434154933941821e-008	2.751796e+000	7.943096e-003	3.465293e-001
1.755590418045370e-008	2.657781e+000	8.322008e-003	3.465287e-001
2.251774958861065e-008	2.519352e+000	8.974012e-003	3.465259e-001
2.935368708861065e-008	2.339463e+000	1.000809e-002	3.465181e-001
3.618962458861065e-008	2.171512e+000	1.123934e-002	3.465049e-001
4.302556208861066e-008	2.015544e+000	1.274433e-002	3.464848e-001
4.986149958861066e-008	1.870736e+000	1.462110e-002	3.464564e-001
5.669743708861066e-008	1.736353e+000	1.702086e-002	3.464181e-001
6.353337458861066e-008	1.611802e+000	2.018778e-002	3.463672e-001
7.036931208861065e-008	1.496657e+000	2.453907e-002	3.462999e-001
7.720524958861065e-008	1.390805e+000	3.083200e-002	3.462100e-001
8.404118708861064e-008	1.294686e+000	4.054047e-002	3.460872e-001
9.087712458861063e-008	1.210012e+000	5.681302e-002	3.459128e-001
9.771306208861063e-008	1.139988e+000	8.524152e-002	3.456616e-001
1.028329824682943e-007	1.104575e+000	1.247143e-001	3.453834e-001
1.076321684380925e-007	1.090489e+000	1.844037e-001	3.449905e-001
1.124113679288450e-007	1.087808e+000	2.584327e-001	3.443997e-001
1.178500221087837e-007	1.087314e+000	3.473139e-001	3.434143e-001
1.237679107915547e-007	1.086539e+000	4.459955e-001	3.419113e-001
1.306038482915547e-007	1.085451e+000	5.632012e-001	3.396039e-001
1.374397857915547e-007	1.084091e+000	6.846253e-001	3.366852e-001
1.442757232915547e-007	1.082457e+000	8.116456e-001	3.331358e-001
1.511116607915548e-007	1.080497e+000	9.458708e-001	3.289578e-001
1.579475982915548e-007	1.078178e+000	1.089438e+000	3.241469e-001
1.647835357915548e-007	1.075424e+000	1.245082e+000	3.186878e-001
1.716194732915548e-007	1.072158e+000	1.416270e+000	3.125501e-001
1.784554107915548e-007	1.068270e+000	1.607148e+000	3.056847e-001
1.852913482915548e-007	1.063648e+000	1.822397e+000	2.980210e-001
1.921272857915548e-007	1.058155e+000	2.066848e+000	2.894641e-001
1.989632232915548e-007	1.051648e+000	2.345001e+000	2.798952e-001
2.057991607915548e-007	1.043949e+000	2.660460e+000	2.691740e-001
2.126350982915548e-007	1.034836e+000	3.015426e+000	2.571449e-001
2.194710357915548e-007	1.023999e+000	3.410276e+000	2.436461e-001
2.263069732915548e-007	1.010980e+000	3.843206e+000	2.285219e-001
2.331429107915548e-007	9.950594e-001	4.309831e+000	2.116374e-001
2.399788482915548e-007	9.750455e-001	4.802495e+000	1.928954e-001
2.468147857915549e-007	9.488504e-001	5.308809e+000	1.722587e-001
2.536507232915549e-007	9.127231e-001	5.808747e+000	1.497797e-001
2.604866607915549e-007	8.604968e-001	6.270905e+000	1.256450e-001
2.673225982915549e-007	7.846297e-001	6.653326e+000	1.002316e-001
2.741585357915549e-007	6.804237e-001	6.915160e+000	7.415617e-002
2.809944732915549e-007	5.499684e-001	7.032180e+000	4.827255e-002
2.878304107915549e-007	4.011833e-001	7.001538e+000	2.359300e-002
2.946071510269375e-007	2.450206e-001	6.835961e+000	1.365227e-003
3.014430885269375e-007	8.676734e-002	6.556575e+000	-1.810408e-002
3.066365451166373e-007	-2.924697e-002	6.277327e+000	-3.025160e-002
3.124594549544199e-007	-1.501614e-001	5.908112e+000	-4.058803e-002
3.192953924544199e-007	-2.768618e-001	5.433773e+000	-4.878028e-002
3.261313299544199e-007	-3.835604e-001	4.941662e+000	-5.294400e-002
3.329672674544199e-007	-4.660774e-001	4.458325e+000	-5.328662e-002
3.398032049544199e-007	-5.214575e-001	4.010578e+000	-5.029435e-002
3.466391424544199e-007	-5.475070e-001	3.621821e+000	-4.451279e-002
3.534750799544200e-007	-5.429602e-001	3.310894e+000	-3.652724e-002
3.603110174544200e-007	-5.077595e-001	3.091278e+000	-2.694881e-002
3.671469549544200e-007	-4.434151e-001	2.970722e+000	-1.639383e-002
3.739828924544200e-007	-3.533318e-001	2.951253e+000	-5.460689e-003
3.808188299544200e-007	-2.429577e-001	3.029511e+000	5.288688e-003
3.876547674544200e-007	-1.196022e-001	3.197293e+000	1.533991e-002
3.944907049544200e-007	8.154529e-003	3.442131e+000	2.423541e-002
4.012811641326100e-007	1.306451e-001	3.745971e+000	3.154167e-002
4.079235897163575e-007	2.381135e-001	4.084796e+000	3.687634e-002
4.147595272163575e-007	3.292854e-001	4.456511e+000	4.026609e-002
4.215954647163575e-007	3.963126e-001	4.830655e+000	4.142343e-002
4.284314022163575e-007	4.366012e-001	5.187021e+000	4.032857e-002
4.352673397163575e-007	4.498055e-001	5.506648e+000	3.710914e-002
4.421032772163575e-007	4.373480e-001	5.773124e+000	3.201633e-002
4.489392147163575e-007	4.019844e-001	5.973496e+000	2.539520e-002
4.557751522163575e-007	3.473907e-001	6.098963e+000	1.764569e-002
4.626110897163575e-007	2.778140e-001	6.145291e+000	9.196018e-003
4.694470272163576e-007	1.978163e-001	6.113440e+000	4.972778e-004
4.760878258983203e-007	1.144179e-001	6.011285e+000	-7.725547e-003
4.829237633983203e-007	2.714446e-002	5.841618e+000	-1.545978e-002
4.897597008983203e-007	-5.734406e-002	5.619597e+000	-2.199627e-002
4.965956383983202e-007	-1.351930e-001	5.359416e+000	-2.695274e-002
5.034315758983202e-007	-2.029684e-001	5.077288e+000	-3.008614e-002
5.102675133983201e-007	-2.577534e-001	4.789954e+000	-3.130188e-002
5.171034508983201e-007	-2.972162e-001	4.513699e+000	-3.064182e-002
5.239393883983200e-007	-3.196848e-001	4.263443e+000	-2.826041e-002
5.307753258983200e-007	-3.242342e-001	4.051970e+000	-2.439836e-002
5.376112633983199e-007	-3.107838e-001	3.889316e+000	-1.935769e-002
5.444472008983199e-007	-2.801889e-001	3.782362e+000	-1.347869e-002
5.512831383983198e-007	-2.348336e-001	3.731805e+000	-7.118193e-003
5.568068899944128e-007	-1.885741e-001	3.735452e+000	-1.856699e-003
5.627927935513015e-007	-1.307907e-001	3.785643e+000	3.711990e-003
5.696287310513015e-007	-5.984354e-002	3.890947e+000	9.632478e-003
5.764646685513014e-007	1.222868e-002	4.039434e+000	1.484144e-002
5.831418801947599e-007	7.953721e-002	4.218944e+000	1.898780e-002
5.899778176947599e-007	1.411445e-001	4.426917e+000	2.208017e-002
5.968137551947599e-007	1.919945e-001	4.647011e+000	2.389266e-002
6.036496926947598e-007	2.295196e-001	4.866988e+000	2.435998e-002
6.104856301947598e-007	2.522407e-001	5.074826e+000	2.349654e-002
6.173215676947597e-007	2.597274e-001	5.259541e+000	2.138955e-002
6.241575051947597e-007	2.524998e-001	5.411771e+000	1.819290e-002
6.309934426947596e-007	2.318758e-001	5.524266e+000	1.411628e-002
6.378293801947596e-007	1.997939e-001	5.592236e+000	9.411322e-003
6.446653176947595e-007	1.586355e-001	5.613559e+000	4.357088e-003
6.515012551947595e-007	1.110578e-001	5.588814e+000	-7.541520e-004
6.583371926947594e-007	5.984560e-002	5.521158e+000	-5.631609e-003
6.651731301947594e-007	7.780717e-003	5.416044e+000	-1.000248e-002
6.720090676947593e-007	-4.246921e-002	5.280829e+000	-1.362989e-002
6.788450051947593e-007	-8.844636e-002	5.124267e+000	-1.632969e-002
6.856809426947593e-007	-1.279847e-001	4.955956e+000	-1.798264e-002
6.925168801947592e-007	-1.592813e-001	4.785758e+000	-1.853978e-002
6.993528176947592e-007	-1.809600e-001	4.623220e+000	-1.802101e-002
7.061887551947591e-007	-1.921275e-001	4.477064e+000	-1.650823e-002
7.130246926947591e-007	-1.924211e-001	4.354725e+000	-1.413503e-002
7.198606301947590e-007	-1.820432e-001	4.262005e+000	-1.107452e-002
7.266965676947590e-007	-1.617735e-001	4.202832e+000	-7.526600e-003
7.335325051947589e-007	-1.329505e-001	4.179133e+000	-3.705514e-003
7.403684426947589e-007	-9.748841e-002	4.190108e+000	1.773838e-004
7.465910227902124e-007	-6.114515e-002	4.229938e+000	3.581567e-003
7.534269602902124e-007	-1.906604e-002	4.302058e+000	7.016940e-003
7.591414958804432e-007	1.605566e-002	4.381380e+000	9.530497e-003
7.645532721418705e-007	4.760343e-002	4.470896e+000	1.146808e-002
7.713892096418704e-007	8.334085e-002	4.596213e+000	1.326262e-002
7.782251471418704e-007	1.131018e-001	4.727763e+000	1.431417e-002
7.850610846418703e-007	1.352489e-001	4.859003e+000	1.455677e-002
7.918970221418703e-007	1.488724e-001	4.982759e+000	1.400349e-002
7.987329596418702e-007	1.536280e-001	5.092513e+000	1.271039e-002
8.055688971418702e-007	1.497093e-001	5.182738e+000	1.077249e-002
8.124048346418701e-007	1.377875e-001	5.249181e+000	8.317733e-003
8.192407721418701e-007	1.189292e-001	5.289060e+000	5.499012e-003
8.260767096418701e-007	9.450381e-002	5.301170e+000	2.485195e-003
8.329126471418700e-007	6.608716e-002	5.285902e+000	-5.486174e-004
8.397485846418700e-007	3.536873e-002	5.245162e+000	-3.431108e-003
8.465845221418699e-007	4.063902e-003	5.182210e+000	-6.004673e-003
8.534204596418699e-007	-2.616553e-002	5.101421e+000	-8.134646e-003
8.602563971418698e-007	-5.378247e-002	5.007999e+000	-9.717034e-003
8.670923346418698e-007	-7.743692e-002	4.907647e+000	-1.068397e-002
8.739282721418697e-007	-9.601964e-002	4.806225e+000	-1.100638e-002
8.807642096418697e-007	-1.087069e-001	4.709416e+000	-1.069376e-002
8.876001471418696e-007	-1.149951e-001	4.622419e+000	-9.791350e-003
8.944360846418696e-007	-1.147244e-001	4.549675e+000	-8.375270e-003
9.012720221418696e-007	-1.080878e-001	4.494658e+000	-6.546256e-003
9.081079596418695e-007	-9.562354e-002	4.459724e+000	-4.422550e-003
9.149438971418695e-007	-7.818782e-002	4.446038e+000	-2.132527e-003
9.217798346418694e-007	-5.694010e-002	4.453210e+000	1.952399e-004
9.281311231939541e-007	-3.486679e-002	4.478182e+000	2.276641e-003
9.349670606939541e-007	-9.964881e-003	4.522233e+000	4.326162e-003
9.409942036724676e-007	1.182958e-002	4.573339e+000	5.891344e-003
9.468663127811623e-007	3.182717e-002	4.632478e+000	7.111727e-003
9.537022502811624e-007	5.251340e-002	4.708419e+000	8.121046e-003
9.605381877811625e-007	6.954464e-002	4.787576e+000	8.671408e-003
9.673741252811625e-007	8.203176e-002	4.865838e+000	8.734825e-003
9.742100627811626e-007	8.946815e-002	4.938954e+000	8.324599e-003
9.810460002811626e-007	9.166558e-002	5.003107e+000	7.479475e-003
9.878819377811627e-007	8.874389e-002	5.055110e+000	6.260876e-003
9.947178752811628e-007	8.110249e-002	5.092564e+000	4.748944e-003
1.001553812781163e-006	6.937831e-002	5.113959e+000	3.037610e-003
1.008389750281163e-006	5.439485e-002	5.118736e+000	1.228977e-003
1.015225687781163e-006	3.710655e-002	5.107276e+000	-5.726581e-004
1.022061625281163e-006	1.854190e-002	5.080853e+000	-2.266816e-003
1.028897562781163e-006	-2.521438e-004	5.041522e+000	-3.762536e-003
1.035733500281163e-006	-1.826237e-002	4.991981e+000	-4.983389e-003
1.042569437781163e-006	-3.455690e-002	4.935390e+000	-5.871485e-003
1.049405375281163e-006	-4.832707e-002	4.875178e+000	-6.390169e-003
1.056241312781163e-006	-5.892263e-002	4.814844e+000	-6.525285e-003
1.063077250281163e-006	-6.587955e-002	4.757751e+000	-6.284949e-003
1.069913187781163e-006	-6.893939e-002	4.706954e+000	-5.697992e-003
1.076749125281164e-006	-6.805921e-002	4.665036e+000	-4.811252e-003
1.083585062781164e-006	-6.341111e-002	4.633991e+000	-3.686027e-003
1.090421000281164e-006	-5.537043e-002	4.615132e+000	-2.393948e-003
1.097256937781164e-006	-4.449264e-002	4.609055e+000	-1.012588e-003
1.104092875281164e-006	-3.147919e-002	4.615627e+000	3.789726e-004
1.110928812781164e-006	-1.713419e-002	4.634030e+000	1.704391e-003
1.117764750281164e-006	-2.314329e-003	4.662827e+000	2.893949e-003
1.124600687781164e-006	1.212418e-002	4.700066e+000	3.887933e-003
1.131436625281164e-006	2.537768e-002	4.743405e+000	4.639393e-003
1.138272562781164e-006	3.674218e-002	4.790256e+000	5.116167e-003
1.145108500281164e-006	4.565188e-002	4.837931e+000	5.302107e-003
1.151944437781164e-006	5.170670e-002	4.883797e+000	5.197440e-003
1.158780375281164e-006	5.468763e-002	4.925415e+000	4.818264e-003
1.165616312781164e-006	5.455963e-002	4.960670e+000	4.195208e-003
1.172452250281164e-006	5.146325e-002	4.987876e+000	3.371319e-003
1.179288187781164e-006	4.569665e-002	5.005853e+000	2.399321e-003
1.186124125281165e-006	3.776137e-002	5.014450e+000	1.338456e-003
1.191644742394827e-006	3.002976e-002	5.013981e+000	4.563262e-004
1.197611188199215e-006	2.069757e-002	5.005787e+000	-4.771010e-004
1.204447125699215e-006	9.449767e-003	4.988408e+000	-1.471497e-003
1.211283063199215e-006	-1.811403e-003	4.963843e+000	-2.340333e-003
1.218119000699215e-006	-1.250518e-002	4.933465e+000	-3.038409e-003
1.224954938199215e-006	-2.207421e-002	4.899197e+000	-3.533387e-003
1.231790875699215e-006	-3.004145e-002	4.863109e+000	-3.805608e-003
1.238626813199215e-006	-3.603186e-002	4.827288e+000	-3.848691e-003
1.245462750699216e-006	-3.978875e-002	4.793727e+000	-3.669325e-003
1.252298688199216e-006	-4.118398e-002	4.764216e+000	-3.286303e-003
1.259134625699216e-006	-4.022162e-002	4.740254e+000	-2.728927e-003
1.265970563199216e-006	-3.703474e-002	4.722972e+000	-2.034889e-003
1.272806500699216e-006	-3.187529e-002	4.713092e+000	-1.247825e-003
1.279642438199216e-006	-2.509744e-002	4.710899e+000	-4.146601e-004
1.286478375699216e-006	-1.713515e-002	4.716245e+000	4.170677e-004
1.293314313199216e-006	-8.475317e-003	4.728572e+000	1.201796e-003
1.300150250699216e-006	3.718998e-004	4.746960e+000	1.898299e-003
1.306986188199216e-006	8.903555e-003	4.770191e+000	2.471723e-003
1.313822125699216e-006	1.665313e-002	4.796826e+000	2.895218e-003
1.320658063199216e-006	2.321649e-002	4.825292e+000	3.151089e-003
1.327494000699216e-006	2.827299e-002	4.853972e+000	3.231434e-003
1.334329938199216e-006	3.160043e-002	4.881301e+000	3.138238e-003
1.341165875699216e-006	3.308335e-002	4.905844e+000	2.882943e-003
1.348001813199216e-006	3.271446e-002	4.926372e+000	2.485512e-003
1.354837750699217e-006	3.058982e-002	4.941924e+000	1.973056e-003
1.361673688199217e-006	2.689824e-002	4.951849e+000	1.378101e-003
1.368509625699217e-006	2.190636e-002	4.955834e+000	7.366030e-004
1.375345563199217e-006	1.594987e-002	4.954020e+000	8.487910e-005
1.381584518369298e-006	9.958835e-003	4.947377e+000	-4.866392e-004
1.388420455869298e-006	3.143492e-003	4.935369e+000	-1.058393e-003
1.394324029435274e-006	-2.670214e-003	4.921726e+000	-1.485467e-003
1.399972537866000e-006	-7.902975e-003	4.906221e+000	-1.811543e-003
1.406808475366000e-006	-1.354642e-002	4.885536e+000	-2.090683e-003
1.413644412866000e-006	-1.822390e-002	4.863994e+000	-2.240913e-003
1.420480350366000e-006	-2.169066e-002	4.842728e+000	-2.253994e-003
1.427316287866000e-006	-2.380055e-002	4.822924e+000	-2.134540e-003
1.434152225366000e-006	-2.448631e-002	4.805643e+000	-1.894330e-003
1.440988162866000e-006	-2.376085e-002	4.791765e+000	-1.551352e-003
1.447824100366001e-006	-2.171427e-002	4.781950e+000	-1.128546e-003
1.454660037866001e-006	-1.850671e-002	4.776607e+000	-6.523292e-004
1.461495975366001e-006	-1.435744e-002	4.775882e+000	-1.510019e-004
1.468331912866001e-006	-9.530862e-003	4.779665e+000	3.468712e-004
1.475167850366001e-006	-4.320167e-003	4.787596e+000	8.140274e-004
1.482003787866001e-006	9.722217e-004	4.799092e+000	1.226407e-003
1.488687437366629e-006	5.936748e-003	4.813090e+000	1.555996e-003
1.495523374866629e-006	1.052776e-002	4.829364e+000	1.802271e-003
1.502359312366629e-006	1.439643e-002	4.846650e+000	1.947638e-003
1.509195249866629e-006	1.735337e-002	4.863991e+000	1.987370e-003
1.516031187366629e-006	1.926973e-002	4.880449e+000	1.923173e-003
1.522867124866629e-006	2.008002e-002	4.895171e+000	1.762411e-003
1.529703062366629e-006	1.978299e-002	4.907431e+000	1.517507e-003
1.536538999866629e-006	1.843886e-002	4.916664e+000	1.205083e-003
1.543374937366630e-006	1.616319e-002	4.922497e+000	8.448978e-004
1.550210874866630e-006	1.311803e-002	4.924757e+000	4.586405e-004
1.557046812366630e-006	9.504931e-003	4.923525e+000	6.821013e-005
1.563444675375071e-006	5.795104e-003	4.919308e+000	-2.810474e-004
1.570280612875071e-006	1.699168e-003	4.911970e+000	-6.192244e-004
1.576383612894765e-006	-1.890379e-003	4.903392e+000	-8.771488e-004
1.582336565122416e-006	-5.155758e-003	4.893519e+000	-1.074217e-003
1.589172502622416e-006	-8.457359e-003	4.881106e+000	-1.228851e-003
1.596008440122416e-006	-1.114799e-002	4.868288e+000	-1.304785e-003
1.602844377622416e-006	-1.309068e-002	4.855761e+000	-1.298601e-003
1.609680315122416e-006	-1.420608e-002	4.844229e+000	-1.213804e-003
1.616516252622416e-006	-1.446301e-002	4.834312e+000	-1.058113e-003
1.623352190122416e-006	-1.387859e-002	4.826519e+000	-8.428634e-004
1.630188127622416e-006	-1.251570e-002	4.821220e+000	-5.822368e-004
1.637024065122416e-006	-1.049467e-002	4.818538e+000	-2.925255e-004
1.642901042162779e-006	-8.308490e-003	4.818504e+000	-3.249315e-005
1.649311562593948e-006	-5.572720e-003	4.820877e+000	2.483361e-004
1.656147500093948e-006	-2.446285e-003	4.825767e+000	5.294838e-004
1.662983437593948e-006	7.290236e-004	4.832760e+000	7.785031e-004
1.669510937251130e-006	3.643967e-003	4.841063e+000	9.736366e-004
1.676346874751130e-006	6.412760e-003	4.850951e+000	1.123963e-003
1.683182812251130e-006	8.756476e-003	4.861465e+000	1.214097e-003
1.690018749751130e-006	1.055895e-002	4.872039e+000	1.240754e-003
1.696854687251130e-006	1.174098e-002	4.882109e+000	1.204816e-003
1.703690624751130e-006	1.226098e-002	4.891156e+000	1.110583e-003
1.710526562251130e-006	1.211579e-002	4.898742e+000	9.654150e-004
1.717362499751131e-006	1.133919e-002	4.904522e+000	7.792157e-004
1.724198437251131e-006	9.998512e-003	4.908266e+000	5.637954e-004
1.731034374751131e-006	8.200123e-003	4.909939e+000	3.320414e-004
1.736893211288284e-006	6.369879e-003	4.909681e+000	1.299459e-004
1.742490410526152e-006	4.440716e-003	4.907900e+000	-5.684422e-005
1.749326348026152e-006	1.985961e-003	4.904046e+000	-2.665148e-004
1.756162285526152e-006	-4.457214e-004	4.898728e+000	-4.473865e-004
1.762951825618885e-006	-2.714128e-003	4.892275e+000	-5.889870e-004
1.769787763118885e-006	-4.730627e-003	4.885021e+000	-6.868425e-004
1.776623700618885e-006	-6.378997e-003	4.877460e+000	-7.362863e-004
1.783459638118885e-006	-7.581879e-003	4.870040e+000	-7.363635e-004
1.790295575618885e-006	-8.289557e-003	4.863187e+000	-6.889580e-004
1.797131513118885e-006	-8.481347e-003	4.857278e+000	-5.985089e-004
1.803967450618885e-006	-8.165732e-003	4.852625e+000	-4.716640e-004
1.810803388118885e-006	-7.378890e-003	4.849458e+000	-3.168253e-004
1.817639325618886e-006	-6.192437e-003	4.847855e+000	-1.437509e-004
1.823470804727248e-006	-4.908369e-003	4.847839e+000	1.109851e-005
1.829861165390916e-006	-3.284845e-003	4.849269e+000	1.798490e-004
1.836697102890917e-006	-1.415015e-003	4.852228e+000	3.501098e-004
1.843533040390917e-006	4.931387e-004	4.856467e+000	5.018609e-004
1.849946414152176e-006	2.223124e-003	4.861425e+000	6.196864e-004
1.856782351652176e-006	3.906142e-003	4.867455e+000	7.133530e-004
1.863618289152176e-006	5.342478e-003	4.873892e+000	7.712095e-004
1.870454226652176e-006	6.460111e-003	4.880400e+000	7.909469e-004
1.877290164152176e-006	7.209226e-003	4.886637e+000	7.728896e-004
1.884126101652176e-006	7.562384e-003	4.892289e+000	7.194360e-004
1.890962039152177e-006	7.515157e-003	4.897085e+000	6.348506e-004
1.897797976652177e-006	7.085449e-003	4.900813e+000	5.249602e-004
1.904633914152177e-006	6.311610e-003	4.903326e+000	3.967752e-004
1.911469851652177e-006	5.255240e-003	4.904591e+000	2.580249e-004
1.917461530029695e-006	4.141737e-003	4.904618e+000	1.338985e-004
1.923920511685970e-006	2.807829e-003	4.903538e+000	4.327499e-006
1.930756449185970e-006	1.333436e-003	4.901345e+000	-1.213512e-004
1.937592386685971e-006	-1.266881e-004	4.898242e+000	-2.291366e-004
1.944428324185971e-006	-1.494116e-003	4.894441e+000	-3.136395e-004
1.951264261685971e-006	-2.696997e-003	4.890195e+000	-3.710720e-004
1.958100199185971e-006	-3.675219e-003	4.885779e+000	-3.992889e-004
1.964936136685971e-006	-4.383266e-003	4.881461e+000	-3.978436e-004
1.971772074185971e-006	-4.792183e-003	4.877496e+000	-3.679483e-004
1.978608011685971e-006	-4.890563e-003	4.874110e+000	-3.123423e-004
1.985443949185971e-006	-4.684554e-003	4.871488e+000	-2.350821e-004
1.992279886685971e-006	-4.196886e-003	4.869765e+000	-1.412659e-004
1.999115824185971e-006	-3.470408e-003	4.868992e+000	-3.676894e-005
2.005091812410502e-006	-2.672124e-003	4.869135e+000	5.881137e-005
2.010858703988441e-006	-1.788273e-003	4.870045e+000	1.503841e-004
2.017694641488441e-006	-6.627016e-004	4.871934e+000	2.533951e-004
2.023358303144962e-006	2.899173e-004	4.874100e+000	3.303212e-004
2.029686384321270e-006	1.327058e-003	4.877096e+000	4.028035e-004
2.036522321821270e-006	2.361923e-003	4.880783e+000	4.631139e-004
2.043358259321270e-006	3.258255e-003	4.884756e+000	5.022887e-004
2.050194196821270e-006	3.970563e-003	4.888812e+000	5.186368e-004
2.057030134321271e-006	4.466341e-003	4.892745e+000	5.121003e-004
2.063866071821271e-006	4.726321e-003	4.896361e+000	4.838874e-004
2.070702009321271e-006	4.745032e-003	4.899492e+000	4.363588e-004
2.077537946821271e-006	4.530565e-003	4.902001e+000	3.728550e-004
2.084373884321271e-006	4.103594e-003	4.903794e+000	2.974758e-004
2.091209821821271e-006	3.495740e-003	4.904816e+000	2.148249e-004
2.098045759321271e-006	2.747397e-003	4.905060e+000	1.297370e-004
2.104881696821271e-006	1.905168e-003	4.904561e+000	4.700123e-005
2.111717634321271e-006	1.019055e-003	4.903392e+000	-2.890274e-005
2.118553571821271e-006	1.395850e-004	4.901664e+000	-9.404122e-005
2.125389509321271e-006	-6.849942e-004	4.899512e+000	-1.452243e-004
2.132225446821271e-006	-1.411273e-003	4.897089e+000	-1.801545e-004
2.139061384321271e-006	-2.002888e-003	4.894560e+000	-1.975208e-004
2.145897321821271e-006	-2.432255e-003	4.892087e+000	-1.970334e-004
2.152733259321271e-006	-2.681765e-003	4.889824e+000	-1.794013e-004
2.159569196821271e-006	-2.744391e-003	4.887906e+000	-1.462548e-004
2.166405134321272e-006	-2.623681e-003	4.886447e+000	-1.000205e-004
2.173241071821272e-006	-2.333187e-003	4.885528e+000	-4.375617e-005
2.180077009321272e-006	-1.895347e-003	4.885199e+000	1.904151e-005
2.186912946821272e-006	-1.339917e-003	4.885474e+000	8.464731e-005
2.193748884321272e-006	-7.020656e-004	4.886335e+000	1.493215e-004
2.200584821821272e-006	-2.021439e-005	4.887732e+000	2.095167e-004
2.207420759321272e-006	6.662072e-004	4.889585e+000	2.620665e-004
2.214256696821272e-006	1.318991e-003	4.891793e+000	3.043457e-004
2.221092634321272e-006	1.903227e-003	4.894241e+000	3.343945e-004
2.227928571821272e-006	2.389116e-003	4.896802e+000	3.510022e-004
2.234764509321272e-006	2.753435e-003	4.899351e+000	3.537459e-004
2.241600446821272e-006	2.980571e-003	4.901763e+000	3.429846e-004
2.248436384321272e-006	3.063101e-003	4.903932e+000	3.198101e-004
2.255272321821272e-006	3.001885e-003	4.905763e+000	2.859600e-004
2.262108259321272e-006	2.805701e-003	4.907187e+000	2.436970e-004
2.268944196821272e-006	2.490457e-003	4.908160e+000	1.956651e-004
2.275780134321272e-006	2.078034e-003	4.908662e+000	1.447285e-004
2.282616071821273e-006	1.595036e-003	4.908706e+000	9.377634e-005
2.289262577490148e-006	1.085108e-003	4.908335e+000	4.693533e-005
2.296098514990148e-006	5.492735e-004	4.907582e+000	4.052272e-006
2.302934452490148e-006	3.184814e-005	4.906532e+000	-3.139008e-005
2.309770389990148e-006	-4.394928e-004	4.905271e+000	-5.769113e-005
2.316606327490148e-006	-8.404782e-004	4.903893e+000	-7.374772e-005
2.323442264990148e-006	-1.151629e-003	4.902498e+000	-7.906501e-005
2.330278202490148e-006	-1.359153e-003	4.901182e+000	-7.376093e-005
2.337114139990148e-006	-1.455496e-003	4.900033e+000	-5.853649e-005
2.343950077490148e-006	-1.439526e-003	4.899127e+000	-3.461491e-005
2.350786014990148e-006	-1.316362e-003	4.898524e+000	-3.654224e-006
2.357621952490148e-006	-1.098741e-003	4.898253e+000	3.231287e-005
2.363749579339180e-006	-8.341386e-004	4.898317e+000	6.713933e-005
2.369728441972994e-006	-5.236955e-004	4.898679e+000	1.018198e-004
2.376564379472994e-006	-1.291692e-004	4.899418e+000	1.402325e-004
2.383400316972994e-006	2.842126e-004	4.900456e+000	1.754880e-004
2.390009316495642e-006	6.810253e-004	4.901711e+000	2.047532e-004
2.396845253995642e-006	1.066251e-003	4.903205e+000	2.285693e-004
2.403681191495642e-006	1.406040e-003	4.904826e+000	2.448615e-004
2.410517128995642e-006	1.683141e-003	4.906497e+000	2.529559e-004
2.417353066495642e-006	1.884541e-003	4.908143e+000	2.527040e-004
2.424189003995642e-006	2.001907e-003	4.909692e+000	2.444244e-004
2.431024941495642e-006	2.031873e-003	4.911080e+000	2.288675e-004
2.437860878995643e-006	1.976036e-003	4.912255e+000	2.071583e-004
2.444696816495643e-006	1.840678e-003	4.913177e+000	1.807198e-004
2.451532753995643e-006	1.636240e-003	4.913822e+000	1.511837e-004
2.458368691495643e-006	1.376591e-003	4.914183e+000	1.202920e-004
2.465204628995643e-006	1.078123e-003	4.914269e+000	8.979661e-005
2.472040566495643e-006	7.587608e-004	4.914104e+000	6.136204e-005
2.478876503995643e-006	4.369041e-004	4.913723e+000	3.647637e-005
2.485712441495643e-006	1.290174e-004	4.913177e+000	1.615744e-005
2.491563816584272e-006	-1.108954e-004	4.912614e+000	3.207500e-006
2.497188700235902e-006	-3.083088e-004	4.912024e+000	-4.514462e-006
2.504024637735902e-006	-4.977180e-004	4.911302e+000	-7.916216e-006
2.510860575235902e-006	-6.273119e-004	4.910624e+000	-5.185925e-006
2.517696512735902e-006	-6.900916e-004	4.910043e+000	3.561997e-006
2.524532450235902e-006	-6.851210e-004	4.909606e+000	1.761018e-005
2.531368387735902e-006	-6.152450e-004	4.909349e+000	3.597509e-005
2.538204325235903e-006	-4.867916e-004	4.909297e+000	5.747141e-005
2.545040262735903e-006	-3.090937e-004	4.909463e+000	8.078523e-005
2.551876200235903e-006	-9.386065e-005	4.909848e+000	1.045515e-004
2.558712137735903e-006	1.454734e-004	4.910434e+000	1.274961e-004
2.564882799033377e-006	3.707712e-004	4.911126e+000	1.463690e-004
2.571718736533377e-006	6.170586e-004	4.912043e+000	1.642062e-004
2.578554674033377e-006	8.468436e-004	4.913071e+000	1.781208e-004
2.585390611533377e-006	1.048075e-003	4.914172e+000	1.874202e-004
2.592226549033377e-006	1.210653e-003	4.915299e+000	1.917555e-004
2.599062486533377e-006	1.326997e-003	4.916407e+000	1.910652e-004
2.605898424033377e-006	1.392370e-003	4.917451e+000	1.855683e-004
2.612734361533378e-006	1.405034e-003	4.918396e+000	1.757412e-004
2.619570299033378e-006	1.366234e-003	4.919208e+000	1.622824e-004
2.626406236533378e-006	1.280015e-003	4.919866e+000	1.460649e-004
2.633242174033378e-006	1.152891e-003	4.920356e+000	1.280818e-004
2.640078111533378e-006	9.933948e-004	4.920674e+000	1.093869e-004
2.646914049033378e-006	8.115281e-004	4.920828e+000	9.103395e-005
2.653749986533378e-006	6.180767e-004	4.920834e+000	7.397631e-005
2.660145734239300e-006	4.364638e-004	4.920721e+000	6.004649e-005
2.666981671739300e-006	2.520735e-004	4.920502e+000	4.803765e-005
2.673817609239300e-006	8.542185e-005	4.920218e+000	3.924239e-005
2.679229826636457e-006	-2.677718e-005	4.919967e+000	3.504270e-005
2.685358684032196e-006	-1.261381e-004	4.919680e+000	3.353205e-005
2.692194621532196e-006	-2.017624e-004	4.919390e+000	3.540696e-005
2.699030559032196e-006	-2.379527e-004	4.919160e+000	4.079357e-005
2.705866496532196e-006	-2.333224e-004	4.919017e+000	4.935325e-005
2.712702434032196e-006	-1.896882e-004	4.918983e+000	6.048644e-005
2.719538371532196e-006	-1.109567e-004	4.919074e+000	7.347372e-005
2.726374309032196e-006	-2.830493e-006	4.919296e+000	8.752009e-005
2.733210246532196e-006	1.275743e-004	4.919650e+000	1.018018e-004
2.740046184032196e-006	2.721744e-004	4.920127e+000	1.155129e-004
2.746882121532196e-006	4.224030e-004	4.920714e+000	1.279093e-004
2.753718059032196e-006	5.697021e-004	4.921391e+000	1.383474e-004
2.760553996532196e-006	7.059962e-004	4.922135e+000	1.463160e-004
2.767389934032196e-006	8.241214e-004	4.922918e+000	1.514599e-004
2.774225871532196e-006	9.181881e-004	4.923713e+000	1.535930e-004
2.781061809032196e-006	9.838593e-004	4.924492e+000	1.527031e-004
2.787897746532196e-006	1.018532e-003	4.925230e+000	1.489456e-004
2.794733684032197e-006	1.021417e-003	4.925903e+000	1.426288e-004
2.801569621532197e-006	9.935137e-004	4.926496e+000	1.341909e-004
2.808405559032197e-006	9.374871e-004	4.926992e+000	1.241714e-004
2.815241496532197e-006	8.574588e-004	4.927387e+000	1.131769e-004
2.822077434032197e-006	7.587234e-004	4.927679e+000	1.018456e-004
2.828913371532197e-006	6.474117e-004	4.927872e+000	9.081030e-005
2.835749309032197e-006	5.301205e-004	4.927976e+000	8.066378e-005
2.842585246532197e-006	4.135300e-004	4.928004e+000	7.192755e-005
2.849421184032197e-006	3.037894e-004	4.927977e+000	6.499000e-005
2.855826782578004e-006	2.127092e-004	4.927917e+000	6.046025e-005
2.862662720078004e-006	1.327684e-004	4.927837e+000	5.790486e-005
2.869498657578004e-006	7.375346e-005	4.927763e+000	5.767449e-005
2.876334595078004e-006	3.834831e-005	4.927715e+000	5.972240e-005
2.883170532578004e-006	2.721788e-005	4.927710e+000	6.381797e-005
2.889571493068734e-006	3.922405e-005	4.927759e+000	6.928436e-005
2.896407430568734e-006	7.439958e-005	4.927881e+000	7.648107e-005
2.903243368068734e-006	1.291370e-004	4.928079e+000	8.458686e-005
2.910079305568734e-006	2.000091e-004	4.928356e+000	9.313699e-005
2.916915243068734e-006	2.824589e-004	4.928712e+000	1.016351e-004
2.923751180568734e-006	3.714586e-004	4.929140e+000	1.096063e-004
2.930587118068734e-006	4.618061e-004	4.929629e+000	1.166227e-004
2.937423055568734e-006	5.484189e-004	4.930167e+000	1.223252e-004
2.944258993068734e-006	6.266117e-004	4.930739e+000	1.264407e-004
2.951094930568734e-006	6.923405e-004	4.931328e+000	1.287945e-004
2.957930868068734e-006	7.424026e-004	4.931917e+000	1.293154e-004
2.964766805568735e-006	7.745827e-004	4.932491e+000	1.280369e-004
2.971602743068735e-006	7.877380e-004	4.933033e+000	1.250903e-004
2.978438680568735e-006	7.818218e-004	4.933533e+000	1.206946e-004
2.985274618068735e-006	7.578447e-004	4.933979e+000	1.151409e-004
2.992110555568735e-006	7.200463e-004	4.934377e+000	1.088399e-004
2.994164062500000e-006	7.056683e-004	4.934484e+000	1.068199e-004
2.997892986137470e-006	6.757174e-004	4.934659e+000	1.030317e-004
3.000000000000000e-006	6.571831e-004	4.934749e+000	1.008682e-004
3.001000000000000e-006	6.481059e-004	4.934790e+000	9.984079e-005
3.001002143101197e-006	6.481135e-004	4.934790e+000	9.983859e-005
3.001006429303590e-006	6.482028e-004	4.934791e+000	9.983419e-005
3.001011690224598e-006	6.485308e-004	4.934791e+000	9.982879e-005
3.001016947366305e-006	6.494198e-004	4.934791e+000	9.982339e-005
3.001027461649719e-006	6.532460e-004	4.934791e+000	9.981259e-005
3.001038332545881e-006	6.603273e-004	4.934792e+000	9.980143e-005
3.001046737963026e-006	6.691688e-004	4.934792e+000	9.979280e-005
3.001055509750191e-006	6.825268e-004	4.934793e+000	9.978380e-005
3.001064074834168e-006	7.011610e-004	4.934793e+000	9.977500e-005
3.001079031575593e-006	7.479115e-004	4.934794e+000	9.975964e-005
3.001096528258047e-006	8.296805e-004	4.934795e+000	9.974169e-005
3.001121998849563e-006	1.011403e-003	4.934798e+000	9.971554e-005
3.001152291037331e-006	1.347439e-003	4.934803e+000	9.968444e-005
3.001194256614975e-006	2.075824e-003	4.934814e+000	9.964136e-005
3.001246892732225e-006	3.520944e-003	4.934842e+000	9.958732e-005
3.001320775112106e-006	6.587361e-003	4.934911e+000	9.951144e-005
3.001390189687817e-006	1.080043e-002	4.935025e+000	9.944006e-005
3.001477884675054e-006	1.822982e-002	4.935265e+000	9.934962e-005
3.001571551716163e-006	2.889369e-002	4.935678e+000	9.925232e-005
3.001694870074684e-006	4.722947e-002	4.936532e+000	9.912199e-005
3.001843945551297e-006	7.490729e-002	4.938072e+000	9.895876e-005
3.002000000000000e-006	1.082521e-001	4.940155e+000	9.878127e-005
3.002015605444871e-006	1.120552e-001	4.940427e+000	9.876229e-005
3.002046816334611e-006	1.197456e-001	4.940994e+000	9.872372e-005
3.002109238114093e-006	1.353001e-001	4.942232e+000	9.864301e-005
3.002234081673055e-006	1.660874e-001	4.944999e+000	9.846838e-005
3.002370595307032e-006	1.980444e-001	4.948359e+000	9.825518e-005
3.002493093196532e-006	2.239527e-001	4.951618e+000	9.803670e-005
3.002606263961690e-006	2.447568e-001	4.954749e+000	9.780515e-005
3.002715142495498e-006	2.617687e-001	4.957780e+000	9.754983e-005
3.002830788798347e-006	2.770511e-001	4.960949e+000	9.724060e-005
3.002934909749722e-006	2.888276e-001	4.963714e+000	9.692501e-005
3.003035455973146e-006	2.988752e-001	4.966281e+000	9.658410e-005
3.003112490715551e-006	3.059970e-001	4.968171e+000	9.629635e-005
3.003184890991716e-006	3.124417e-001	4.969882e+000	9.600193e-005
3.003256959389720e-006	3.188413e-001	4.971524e+000	9.568430e-005
3.003349647677565e-006	3.272979e-001	4.973565e+000	9.523944e-005
3.003458629532654e-006	3.378309e-001	4.975885e+000	9.466372e-005
3.003592668529359e-006	3.519062e-001	4.978663e+000	9.387416e-005
3.003747985694752e-006	3.698396e-001	4.981838e+000	9.283968e-005
3.003941588103171e-006	3.941976e-001	4.985816e+000	9.135289e-005
3.004199730050186e-006	4.283631e-001	4.991223e+000	8.905314e-005
3.004439353343477e-006	4.602211e-001	4.996357e+000	8.658198e-005
3.004662445463105e-006	4.887986e-001	5.001198e+000	8.392166e-005
3.004931946397892e-006	5.214002e-001	5.007025e+000	8.024447e-005
3.005197316178056e-006	5.518801e-001	5.012641e+000	7.602881e-005
3.005658520351291e-006	6.034731e-001	5.022125e+000	6.740800e-005
3.006113295984247e-006	6.543164e-001	5.031251e+000	5.742564e-005
3.006535849444148e-006	7.013543e-001	5.039568e+000	4.640198e-005
3.007141726991989e-006	7.670396e-001	5.051175e+000	2.755711e-005
3.007909406820989e-006	8.469390e-001	5.064947e+000	-7.908071e-007
3.008641032909871e-006	9.187334e-001	5.074119e+000	-3.326596e-005
3.009781263162419e-006	1.017859e+000	5.068491e+000	-9.271535e-005
3.010952409207061e-006	1.096729e+000	5.020352e+000	-1.595768e-004
3.011919594070686e-006	1.137216e+000	4.932127e+000	-2.129244e-004
3.012904710455827e-006	1.156828e+000	4.799488e+000	-2.530939e-004
3.013991766344753e-006	1.164397e+000	4.627888e+000	-2.628400e-004
3.015247073618336e-006	1.165681e+000	4.420999e+000	-2.022986e-004
3.016873648699233e-006	1.164018e+000	4.159618e+000	6.303249e-005
3.020126798861028e-006	1.159168e+000	3.673461e+000	1.217883e-003
3.024304925563077e-006	1.153283e+000	3.121965e+000	3.903449e-003
3.030078702150520e-006	1.146920e+000	2.489663e+000	9.692795e-003
3.036914639650520e-006	1.142817e+000	1.900094e+000	1.894301e-002
3.043750577150520e-006	1.142979e+000	1.450421e+000	3.015644e-002
3.050586514650520e-006	1.146837e+000	1.102466e+000	4.270591e-002
3.057422452150520e-006	1.152848e+000	8.177951e-001	5.606575e-002
3.064258389650520e-006	1.159612e+000	5.705790e-001	7.009291e-002
3.071094327150520e-006	1.166295e+000	3.455267e-001	8.538661e-002
3.077930264650520e-006	1.178130e+000	1.396431e-001	1.026978e-001
3.080402553951706e-006	1.193751e+000	8.200596e-002	1.099304e-001
3.081915857169933e-006	1.214058e+000	6.124587e-002	1.149131e-001
3.083184952105909e-006	1.236704e+000	5.148185e-002	1.193884e-001
3.084713383799175e-006	1.266348e+000	4.342113e-002	1.250311e-001
3.086152731116129e-006	1.295266e+000	3.790193e-002	1.305187e-001
3.088224616580832e-006	1.337627e+000	3.222236e-002	1.385388e-001
3.090571068605050e-006	1.385628e+000	2.765267e-002	1.474881e-001
3.093709032647728e-006	1.449066e+000	2.342053e-002	1.588668e-001
3.096842965067997e-006	1.510882e+000	2.049980e-002	1.691826e-001
3.101101427699165e-006	1.591984e+000	1.778573e-002	1.814102e-001
3.105623563578866e-006	1.674195e+000	1.579713e-002	1.923895e-001
3.111796315966096e-006	1.780084e+000	1.395199e-002	2.048402e-001
3.118448748917210e-006	1.886885e+000	1.257036e-002	2.161177e-001
3.125284686417210e-006	1.988870e+000	1.157114e-002	2.260506e-001
3.132120623917210e-006	2.083455e+000	1.084037e-002	2.348273e-001
3.138956561417210e-006	2.171143e+000	1.028714e-002	2.427566e-001
3.145792498917210e-006	2.252453e+000	9.856055e-003	2.500168e-001
3.152628436417210e-006	2.327861e+000	9.512557e-003	2.567129e-001
3.159464373917210e-006	2.397807e+000	9.233832e-003	2.629129e-001
3.166300311417210e-006	2.462694e+000	9.004323e-003	2.686656e-001
3.173136248917210e-006	2.522895e+000	8.812973e-003	2.740097e-001
3.179972186417211e-006	2.578753e+000	8.651784e-003	2.789780e-001
3.186808123917211e-006	2.630584e+000	8.514774e-003	2.835989e-001
3.193644061417211e-006	2.678682e+000	8.397429e-003	2.878983e-001
3.200479998917211e-006	2.723318e+000	8.296242e-003	2.918995e-001
3.207315936417211e-006	2.764741e+000	8.208483e-003	2.956240e-001
3.214151873917211e-006	2.803185e+000	8.131969e-003	2.990915e-001
3.220987811417211e-006	2.838864e+000	8.064957e-003	3.023203e-001
3.227823748917211e-006	2.871979e+000	8.006021e-003	3.053272e-001
3.234659686417211e-006	2.902714e+000	7.954003e-003	3.081278e-001
3.241495623917211e-006	2.931240e+000	7.907935e-003	3.107364e-001
3.248331561417211e-006	2.957716e+000	7.867020e-003	3.131666e-001
3.255167498917211e-006	2.982291e+000	7.830579e-003	3.154306e-001
3.262003436417211e-006	3.005100e+000	7.798048e-003	3.175400e-001
3.268839373917211e-006	3.026272e+000	7.768942e-003	3.195056e-001
3.275675311417211e-006	3.045923e+000	7.742850e-003	3.213372e-001
3.282511248917211e-006	3.064162e+000	7.719416e-003	3.230441e-001
3.289347186417211e-006	3.081093e+000	7.698336e-003	3.246348e-001
3.296183123917212e-006	3.096807e+000	7.679343e-003	3.261173e-001
3.303019061417212e-006	3.111393e+000	7.662208e-003	3.274991e-001
3.309854998917212e-006	3.124932e+000	7.646730e-003	3.287870e-001
3.316690936417212e-006	3.137499e+000	7.632732e-003	3.299875e-001
3.323526873917212e-006	3.149164e+000	7.620061e-003	3.311065e-001
3.330362811417212e-006	3.159991e+000	7.608579e-003	3.321496e-001
3.337198748917212e-006	3.170041e+000	7.598166e-003	3.331220e-001
3.344034686417212e-006	3.179370e+000	7.588716e-003	3.340284e-001
3.350870623917212e-006	3.188029e+000	7.580133e-003	3.348734e-001
3.357706561417212e-006	3.196066e+000	7.572333e-003	3.356613e-001
3.364542498917212e-006	3.203526e+000	7.565239e-003	3.363957e-001
3.371378436417212e-006	3.210451e+000	7.558786e-003	3.370804e-001
3.378214373917212e-006	3.216879e+000	7.552912e-003	3.377188e-001
3.385050311417212e-006	3.222846e+000	7.547564e-003	3.383140e-001
3.391886248917212e-006	3.228384e+000	7.542692e-003	3.388689e-001
3.398722186417212e-006	3.233524e+000	7.538252e-003	3.393863e-001
3.405558123917213e-006	3.238296e+000	7.534205e-003	3.398687e-001
3.412394061417213e-006	3.242725e+000	7.530517e-003	3.403185e-001
3.419229998917213e-006	3.246836e+000	7.527153e-003	3.407378e-001
3.426065936417213e-006	3.250653e+000	7.524085e-003	3.411289e-001
3.432901873917213e-006	3.254195e+000	7.521287e-003	3.414935e-001
3.439737811417213e-006	3.257483e+000	7.518734e-003	3.418334e-001
3.446573748917213e-006	3.260535e+000	7.516406e-003	3.421504e-001
3.453409686417213e-006	3.263367e+000	7.514281e-003	3.424460e-001
3.460245623917213e-006	3.265997e+000	7.512342e-003	3.427216e-001
3.467081561417213e-006	3.268438e+000	7.510574e-003	3.429785e-001
3.473917498917213e-006	3.270703e+000	7.508961e-003	3.432181e-001
3.480753436417213e-006	3.272806e+000	7.507489e-003	3.434415e-001
3.487589373917213e-006	3.274758e+000	7.506146e-003	3.436499e-001
3.494425311417213e-006	3.276570e+000	7.504922e-003	3.438442e-001
3.501261248917213e-006	3.278252e+000	7.503805e-003	3.440253e-001
3.508097186417213e-006	3.279813e+000	7.502787e-003	3.441942e-001
3.514933123917213e-006	3.281262e+000	7.501859e-003	3.443517e-001
3.521769061417214e-006	3.282608e+000	7.501013e-003	3.444986e-001
3.528604998917214e-006	3.283856e+000	7.500242e-003	3.446356e-001
3.535440936417214e-006	3.285015e+000	7.499539e-003	3.447633e-001
3.542276873917214e-006	3.286091e+000	7.498899e-003	3.448824e-001
3.549112811417214e-006	3.287089e+000	7.498316e-003	3.449934e-001
3.555948748917214e-006	3.288016e+000	7.497787e-003	3.450969e-001
3.562784686417214e-006	3.288876e+000	7.497304e-003	3.451935e-001
3.569620623917214e-006	3.289675e+000	7.496865e-003	3.452836e-001
3.576456561417214e-006	3.290416e+000	7.496465e-003	3.453675e-001
3.583292498917214e-006	3.291104e+000	7.496103e-003	3.454458e-001
3.590128436417214e-006	3.291743e+000	7.495773e-003	3.455188e-001
3.596964373917214e-006	3.292336e+000	7.495474e-003	3.455869e-001
3.603800311417214e-006	3.292886e+000	7.495202e-003	3.456504e-001
3.610636248917214e-006	3.293396e+000	7.494955e-003	3.457096e-001
3.617472186417214e-006	3.293870e+000	7.494732e-003	3.457648e-001
3.624308123917214e-006	3.294311e+000	7.494530e-003	3.458163e-001
3.631144061417215e-006	3.294719e+000	7.494346e-003	3.458643e-001
3.637979998917215e-006	3.295098e+000	7.494180e-003	3.459090e-001
3.644815936417215e-006	3.295450e+000	7.494030e-003	3.459508e-001
3.651651873917215e-006	3.295777e+000	7.493894e-003	3.459897e-001
3.658487811417215e-006	3.296080e+000	7.493772e-003	3.460260e-001
3.665323748917215e-006	3.296361e+000	7.493661e-003	3.460598e-001
3.672159686417215e-006	3.296623e+000	7.493561e-003	3.460914e-001
3.678995623917215e-006	3.296865e+000	7.493472e-003	3.461208e-001
3.685831561417215e-006	3.297090e+000	7.493391e-003	3.461483e-001
3.692667498917215e-006	3.297299e+000	7.493319e-003	3.461739e-001
3.699503436417215e-006	3.297493e+000	7.493253e-003	3.461977e-001
3.706339373917215e-006	3.297673e+000	7.493195e-003	3.462200e-001
3.713175311417215e-006	3.297840e+000	7.493143e-003	3.462407e-001
3.720011248917215e-006	3.297995e+000	7.493096e-003	3.462601e-001
3.726847186417215e-006	3.298139e+000	7.493054e-003	3.462781e-001
3.733683123917215e-006	3.298273e+000	7.493017e-003	3.462949e-001
3.740519061417215e-006	3.298397e+000	7.492984e-003	3.463106e-001
3.747354998917216e-006	3.298512e+000	7.492955e-003	3.463252e-001
3.754190936417216e-006	3.298619e+000	7.492929e-003	3.463389e-001
3.761026873917216e-006	3.298718e+000	7.492906e-003	3.463516e-001
3.767862811417216e-006	3.298810e+000	7.492886e-003	3.463635e-001
3.774698748917216e-006	3.298895e+000	7.492868e-003	3.463745e-001
3.781534686417216e-006	3.298975e+000	7.492853e-003	3.463849e-001
3.788370623917216e-006	3.299048e+000	7.492839e-003	3.463945e-001
3.795206561417216e-006	3.299117e+000	7.492828e-003	3.464034e-001
3.802042498917216e-006	3.299180e+000	7.492818e-003	3.464118e-001
3.808878436417216e-006	3.299239e+000	7.492810e-003	3.464196e-001
3.815714373917216e-006	3.299294e+000	7.492802e-003	3.464269e-001
3.822550311417216e-006	3.299344e+000	7.492796e-003	3.464336e-001
3.829386248917216e-006	3.299391e+000	7.492790e-003	3.464400e-001
3.836222186417216e-006	3.299435e+000	7.492786e-003	3.464459e-001
3.843058123917216e-006	3.299476e+000	7.492783e-003	3.464514e-001
3.849894061417216e-006	3.299513e+000	7.492780e-003	3.464565e-001
3.856729998917216e-006	3.299548e+000	7.492778e-003	3.464613e-001
3.863565936417216e-006	3.299581e+000	7.492777e-003	3.464657e-001
3.870401873917216e-006	3.299611e+000	7.492776e-003	3.464699e-001
3.877237811417216e-006	3.299639e+000	7.492775e-003	3.464738e-001
3.884073748917216e-006	3.299665e+000	7.492775e-003	3.464774e-001
3.890909686417216e-006	3.299689e+000	7.492775e-003	3.464808e-001
3.897745623917216e-006	3.299711e+000	7.492775e-003	3.464839e-001
3.904581561417216e-006	3.299732e+000	7.492776e-003	3.464868e-001
3.911417498917217e-006	3.299751e+000	7.492777e-003	3.464896e-001
3.918253436417217e-006	3.299769e+000	7.492778e-003	3.464921e-001
3.925089373917217e-006	3.299786e+000	7.492779e-003	3.464945e-001
3.931925311417217e-006	3.299801e+000	7.492780e-003	3.464967e-001
3.938761248917217e-006	3.299815e+000	7.492782e-003	3.464988e-001
3.952433123917217e-006	3.299841e+000	7.492784e-003	3.465025e-001
3.966104998917217e-006	3.299863e+000	7.492788e-003	3.465057e-001
3.979776873917217e-006	3.299882e+000	7.492791e-003	3.465086e-001
3.986612811417217e-006	3.299890e+000	7.492793e-003	3.465098e-001
3.993448748917217e-006	3.299898e+000	7.492799e-003	3.465110e-001
3.994448748917217e-006	3.299900e+000	7.492797e-003	3.465112e-001
3.996448748917216e-006	3.299902e+000	7.492797e-003	3.465115e-001
3.997448748917216e-006	3.299903e+000	7.492792e-003	3.465117e-001
3.998000000000001e-006	3.299903e+000	7.492792e-003	3.465118e-001
3.998897497834430e-006	3.299904e+000	7.492797e-003	3.465119e-001
4.000000000000000e-006	3.299905e+000	7.492859e-003	3.465121e-001
4.000002395925136e-006	3.299905e+000	7.492852e-003	3.465121e-001
4.000007187775409e-006	3.299905e+000	7.492842e-003	3.465121e-001
4.000011488083139e-006	3.299905e+000	7.492835e-003	3.465121e-001
4.000016468938082e-006	3.299904e+000	7.492827e-003	3.465121e-001
4.000021469141220e-006	3.299903e+000	7.492820e-003	3.465121e-001
4.000025950013488e-006	3.299901e+000	7.492812e-003	3.465121e-001
4.000031038786297e-006	3.299899e+000	7.492803e-003	3.465121e-001
4.000036642484767e-006	3.299895e+000	7.492789e-003	3.465121e-001
4.000045228780014e-006	3.299886e+000	7.492758e-003	3.465121e-001
4.000055545731217e-006	3.299870e+000	7.492699e-003	3.465121e-001
4.000069689477409e-006	3.299836e+000	7.492565e-003	3.465121e-001
4.000086780013433e-006	3.299774e+000	7.492288e-003	3.465121e-001
4.000109405962327e-006	3.299647e+000	7.491666e-003	3.465121e-001
4.000137444313929e-006	3.299403e+000	7.490363e-003	3.465121e-001
4.000174390984838e-006	3.298905e+000	7.487495e-003	3.465121e-001
4.000221693075229e-006	3.297915e+000	7.481434e-003	3.465121e-001
4.000285521311912e-006	3.295835e+000	7.468082e-003	3.465121e-001
4.000372857272545e-006	3.291375e+000	7.438454e-003	3.465121e-001
4.000505233013123e-006	3.280723e+000	7.366505e-003	3.465122e-001
4.000735248518843e-006	3.253882e+000	7.186257e-003	3.465122e-001
4.001000000000000e-006	3.215667e+000	6.932834e-003	3.465123e-001
4.001026475148116e-006	3.211148e+000	6.903799e-003	3.465123e-001
4.001079425444347e-006	3.202219e+000	6.846988e-003	3.465123e-001
4.001185326036809e-006	3.185713e+000	6.745998e-003	3.465123e-001
4.001397127221734e-006	3.158689e+000	6.597376e-003	3.465123e-001
4.001599920843482e-006	3.142059e+000	6.535462e-003	3.465124e-001
4.001851852460908e-006	3.133715e+000	6.564180e-003	3.465124e-001
4.002110202312258e-006	3.133004e+000	6.659551e-003	3.465125e-001
4.002355968635831e-006	3.133796e+000	6.760900e-003	3.465126e-001
4.002615278932557e-006	3.130926e+000	6.833998e-003	3.465127e-001
4.002917316900946e-006	3.121414e+000	6.864781e-003	3.465128e-001
4.003286854192866e-006	3.105095e+000	6.862184e-003	3.465129e-001
4.003655697084902e-006	3.088925e+000	6.861730e-003	3.465130e-001
4.004031982253489e-006	3.075493e+000	6.888757e-003	3.465132e-001
4.004583449499280e-006	3.058898e+000	6.955021e-003	3.465134e-001
4.005163893886432e-006	3.040820e+000	7.018098e-003	3.465137e-001
4.005732791217367e-006	3.021616e+000	7.065994e-003	3.465139e-001
4.006459704432667e-006	2.997191e+000	7.128050e-003	3.465143e-001
4.007234082551674e-006	2.972263e+000	7.203477e-003	3.465146e-001
4.008346407591687e-006	2.936735e+000	7.312884e-003	3.465151e-001
4.009489945891095e-006	2.900413e+000	7.425690e-003	3.465156e-001
4.011753937685196e-006	2.830075e+000	7.660302e-003	3.465163e-001
4.014057001583279e-006	2.760201e+000	7.911005e-003	3.465168e-001
4.017207232903193e-006	2.667776e+000	8.279811e-003	3.465168e-001
4.022137980367278e-006	2.529701e+000	8.922244e-003	3.465149e-001
4.028973917867278e-006	2.349091e+000	9.946411e-003	3.465081e-001
4.035809855367278e-006	2.180454e+000	1.116471e-002	3.464960e-001
4.042645792867278e-006	2.023847e+000	1.265239e-002	3.464770e-001
4.049481730367278e-006	1.878444e+000	1.450532e-002	3.464498e-001
4.056317667867278e-006	1.743503e+000	1.687096e-002	3.464126e-001
4.063153605367278e-006	1.618423e+000	1.998677e-002	3.463631e-001
4.069989542867278e-006	1.502765e+000	2.425719e-002	3.462973e-001
4.076825480367278e-006	1.396396e+000	3.041376e-002	3.462093e-001
4.083661417867278e-006	1.299713e+000	3.987428e-002	3.460892e-001
4.090497355367279e-006	1.214322e+000	5.564759e-002	3.459187e-001
4.097333292867279e-006	1.143260e+000	8.308469e-002	3.456735e-001
4.102512324182156e-006	1.106079e+000	1.214548e-001	3.454003e-001
4.107210063439110e-006	1.091011e+000	1.782983e-001	3.450285e-001
4.111942135155302e-006	1.087848e+000	2.509148e-001	3.444571e-001
4.117815581787286e-006	1.087307e+000	3.467733e-001	3.434169e-001
4.123319479333440e-006	1.086605e+000	4.384386e-001	3.420442e-001
4.130155416833440e-006	1.085528e+000	5.554392e-001	3.397689e-001
4.136991354333440e-006	1.084188e+000	6.765478e-001	3.368917e-001
4.143827291833440e-006	1.082571e+000	8.031570e-001	3.333836e-001
4.150663229333440e-006	1.080635e+000	9.368541e-001	3.292468e-001
4.157499166833440e-006	1.078341e+000	1.079734e+000	3.244778e-001
4.164335104333440e-006	1.075618e+000	1.234494e+000	3.190619e-001
4.171171041833440e-006	1.072388e+000	1.404547e+000	3.129699e-001
4.178006979333440e-006	1.068544e+000	1.594002e+000	3.061541e-001
4.184842916833440e-006	1.063974e+000	1.807513e+000	2.985452e-001
4.191678854333440e-006	1.058542e+000	2.049915e+000	2.900501e-001
4.198514791833440e-006	1.052106e+000	2.325747e+000	2.805515e-001
4.205350729333440e-006	1.044491e+000	2.638686e+000	2.699102e-001
4.212186666833440e-006	1.035479e+000	2.991041e+000	2.579714e-001
4.219022604333441e-006	1.024766e+000	3.383318e+000	2.445735e-001
4.225858541833441e-006	1.011907e+000	3.813866e+000	2.295599e-001
4.232694479333441e-006	9.962060e-001	4.278485e+000	2.127938e-001
4.239530416833441e-006	9.765099e-001	4.769764e+000	1.941750e-001
4.246366354333441e-006	9.508094e-001	5.275694e+000	1.736616e-001
4.253202291833441e-006	9.154905e-001	5.776866e+000	1.512990e-001
4.260038229333441e-006	8.645455e-001	6.242688e+000	1.272632e-001
4.266874166833441e-006	7.904227e-001	6.631659e+000	1.019174e-001
4.273710104333441e-006	6.880826e-001	6.902336e+000	7.586151e-002
4.280546041833441e-006	5.591409e-001	7.029104e+000	4.993563e-002
4.287381979333441e-006	4.113272e-001	7.009717e+000	2.510750e-002
4.293774507731870e-006	2.643129e-001	6.864534e+000	3.891664e-003
4.300610445231870e-006	1.058083e-001	6.594940e+000	-1.589304e-002
4.306304208964488e-006	-2.179739e-002	6.294600e+000	-2.945195e-002
4.312449501490598e-006	-1.498253e-001	5.907954e+000	-4.052523e-002
4.319285438990599e-006	-2.767161e-001	5.434369e+000	-4.877345e-002
4.326121376490599e-006	-3.834426e-001	4.942265e+000	-5.294142e-002
4.332957313990599e-006	-4.659911e-001	4.458901e+000	-5.328824e-002
4.339793251490599e-006	-5.214055e-001	4.011097e+000	-5.029962e-002
4.346629188990599e-006	-5.474914e-001	3.622257e+000	-4.452104e-002
4.353465126490599e-006	-5.429817e-001	3.311228e+000	-3.653778e-002
4.360301063990599e-006	-5.078174e-001	3.091498e+000	-2.696090e-002
4.367137001490599e-006	-4.435064e-001	2.970821e+000	-1.640674e-002
4.373972938990599e-006	-3.534513e-001	2.951232e+000	-5.473723e-003
4.380808876490599e-006	-2.430978e-001	3.029377e+000	5.276173e-003
4.387644813990599e-006	-1.197531e-001	3.197059e+000	1.532849e-002
4.394480751490599e-006	7.988874e-003	3.441902e+000	2.422270e-002
4.401316688990599e-006	1.312703e-001	3.747852e+000	3.157393e-002
4.407955424458996e-006	2.386124e-001	4.086573e+000	3.689844e-002
4.414791361958996e-006	3.296733e-001	4.458355e+000	4.027723e-002
4.421627299458996e-006	3.965746e-001	4.832462e+000	4.142353e-002
4.428463236958996e-006	4.367305e-001	5.188694e+000	4.031792e-002
4.435299174458996e-006	4.498053e-001	5.508101e+000	3.708865e-002
4.442135111958997e-006	4.372288e-001	5.774283e+000	3.198750e-002
4.448971049458997e-006	4.017620e-001	5.974309e+000	2.535986e-002
4.455806986958997e-006	3.470848e-001	6.099397e+000	1.760586e-002
4.462642924458997e-006	2.774461e-001	6.145337e+000	9.153848e-003
4.469478861958997e-006	1.974058e-001	6.113057e+000	4.554062e-004
4.476140758230643e-006	1.137230e-001	6.010148e+000	-7.790156e-003
4.482976695730643e-006	2.645805e-002	5.840063e+000	-1.551701e-002
4.489812633230643e-006	-5.799271e-002	5.617680e+000	-2.204232e-002
4.496648570730643e-006	-1.357749e-001	5.357257e+000	-2.698510e-002
4.503484508230643e-006	-2.034581e-001	5.075021e+000	-3.010348e-002
4.510320445730643e-006	-2.581301e-001	4.787711e+000	-3.130402e-002
4.517156383230643e-006	-2.974640e-001	4.511604e+000	-3.062957e-002
4.523992320730643e-006	-3.197932e-001	4.261608e+000	-2.823536e-002
4.530828258230643e-006	-3.241990e-001	4.050486e+000	-2.436270e-002
4.537664195730643e-006	-3.106080e-001	3.888249e+000	-1.931399e-002
4.544500133230644e-006	-2.798831e-001	3.781755e+000	-1.342973e-002
4.551336070730644e-006	-2.343976e-001	3.731764e+000	-7.066696e-003
4.556901139809031e-006	-1.877127e-001	3.735836e+000	-1.765549e-003
4.562811687277841e-006	-1.306066e-001	3.785734e+000	3.731434e-003
4.569647624777841e-006	-5.962796e-002	3.891337e+000	9.649247e-003
4.576483562277841e-006	1.244311e-002	4.039937e+000	1.485600e-002
4.583152496776461e-006	7.965698e-002	4.219297e+000	1.899478e-002
4.589988434276461e-006	1.412462e-001	4.427313e+000	2.208462e-002
4.596824371776461e-006	1.920744e-001	4.647419e+000	2.389474e-002
4.603660309276461e-006	2.295741e-001	4.867385e+000	2.435965e-002
4.610496246776461e-006	2.522680e-001	5.075191e+000	2.349389e-002
4.617332184276461e-006	2.597277e-001	5.259856e+000	2.138479e-002
4.624168121776461e-006	2.524748e-001	5.412022e+000	1.818635e-002
4.631004059276461e-006	2.318284e-001	5.524441e+000	1.410836e-002
4.637839996776461e-006	1.997280e-001	5.592330e+000	9.402514e-003
4.644675934276461e-006	1.585556e-001	5.613569e+000	4.347900e-003
4.651511871776461e-006	1.109688e-001	5.588744e+000	-7.631925e-004
4.658347809276461e-006	5.975248e-002	5.521014e+000	-5.639992e-003
4.665183746776462e-006	7.688392e-003	5.415840e+000	-1.000974e-002
4.672019684276462e-006	-4.255612e-002	5.280578e+000	-1.363564e-002
4.678855621776462e-006	-8.852370e-002	5.123985e+000	-1.633367e-002
4.685691559276462e-006	-1.280489e-001	4.955662e+000	-1.798468e-002
4.692527496776462e-006	-1.593294e-001	4.785468e+000	-1.853986e-002
4.699363434276462e-006	-1.809900e-001	4.622952e+000	-1.801922e-002
4.706199371776462e-006	-1.921383e-001	4.476831e+000	-1.650476e-002
4.713035309276462e-006	-1.924125e-001	4.354540e+000	-1.413016e-002
4.719871246776462e-006	-1.820159e-001	4.261877e+000	-1.106858e-002
4.726707184276462e-006	-1.617295e-001	4.202765e+000	-7.519968e-003
4.733543121776462e-006	-1.328926e-001	4.179131e+000	-3.698577e-003
4.740379059276462e-006	-9.741919e-002	4.190177e+000	1.841775e-004
4.746609946080785e-006	-6.102056e-002	4.230130e+000	3.592334e-003
4.753445883580785e-006	-1.893967e-002	4.302330e+000	7.026393e-003
4.759167932420503e-006	1.622265e-002	4.381831e+000	9.541303e-003
4.764593371206742e-006	4.783578e-002	4.471636e+000	1.148116e-002
4.771429308706742e-006	8.354244e-002	4.597009e+000	1.327147e-002
4.778265246206742e-006	1.132611e-001	4.728580e+000	1.431815e-002
4.785101183706742e-006	1.353587e-001	4.859796e+000	1.455583e-002
4.791937121206742e-006	1.489288e-001	4.983487e+000	1.399784e-002
4.798773058706742e-006	1.536305e-001	5.093137e+000	1.270048e-002
4.805608996206742e-006	1.496606e-001	5.183229e+000	1.075902e-002
4.812444933706742e-006	1.376930e-001	5.249518e+000	8.301549e-003
4.819280871206743e-006	1.187964e-001	5.289230e+000	5.481107e-003
4.826116808706743e-006	9.434167e-002	5.301171e+000	2.466623e-003
4.832952746206743e-006	6.590574e-002	5.285741e+000	-5.667910e-004
4.839788683706743e-006	3.517845e-002	5.244855e+000	-3.447873e-003
4.846624621206743e-006	3.875103e-003	5.181779e+000	-6.019131e-003
4.853460558706743e-006	-2.634305e-002	5.100897e+000	-8.146062e-003
4.860296496206743e-006	-5.393986e-002	5.007415e+000	-9.724880e-003
4.867132433706743e-006	-7.756664e-002	4.907037e+000	-1.068795e-002
4.873968371206743e-006	-9.611577e-002	4.805626e+000	-1.100643e-002
4.880804308706743e-006	-1.087653e-001	4.708862e+000	-1.069005e-002
4.887640246206743e-006	-1.150138e-001	4.621939e+000	-9.784250e-003
4.894476183706743e-006	-1.147035e-001	4.549292e+000	-8.365325e-003
4.901312121206743e-006	-1.080294e-001	4.494390e+000	-6.534137e-003
4.908148058706743e-006	-9.553193e-002	4.459584e+000	-4.409014e-003
4.914983996206743e-006	-7.806908e-002	4.446028e+000	-2.118370e-003
4.921819933706743e-006	-5.679970e-002	4.453346e+000	2.090884e-004
4.928198866962510e-006	-3.461748e-002	4.478570e+000	2.298328e-003
4.935034804462510e-006	-9.714168e-003	4.522791e+000	4.344879e-003
4.941106215731367e-006	1.222371e-002	4.574447e+000	5.916557e-003
4.947040843339538e-006	3.239368e-002	4.634367e+000	7.142764e-003
4.953876780839538e-006	5.300101e-002	4.710430e+000	8.141249e-003
4.960712718339538e-006	6.992486e-002	4.789620e+000	8.679190e-003
4.967548655839538e-006	8.228763e-002	4.867804e+000	8.730190e-003
4.974384593339538e-006	8.959082e-002	4.940736e+000	8.308227e-003
4.981220530839538e-006	9.165431e-002	5.004615e+000	7.452666e-003
4.988056468339538e-006	8.860552e-002	5.056273e+000	6.225466e-003
4.994892405839538e-006	8.085055e-002	5.093329e+000	4.707188e-003
5.001728343339538e-006	6.903176e-002	5.114302e+000	2.992046e-003
5.008564280839538e-006	5.397673e-002	5.118654e+000	1.182275e-003
5.015400218339538e-006	3.664252e-002	5.106791e+000	-6.178490e-004
5.022236155839538e-006	1.805877e-002	5.080008e+000	-2.308022e-003
5.029072093339538e-006	-7.277651e-004	5.040379e+000	-3.797595e-003
5.035908030839538e-006	-1.870538e-002	4.990615e+000	-5.010569e-003
5.042743968339539e-006	-3.494487e-002	4.933887e+000	-5.889568e-003
5.049579905839539e-006	-4.864113e-002	4.873629e+000	-6.398507e-003
5.056415843339539e-006	-5.914836e-002	4.813335e+000	-6.523808e-003
5.063251780839539e-006	-6.600769e-002	4.756367e+000	-6.274145e-003
5.070087718339539e-006	-6.896620e-002	4.705767e+000	-5.678841e-003
5.076923655839539e-006	-6.798646e-002	4.664105e+000	-4.785159e-003
5.083759593339539e-006	-6.324589e-002	4.633358e+000	-3.654715e-003
5.090595530839539e-006	-5.512481e-002	4.614823e+000	-2.359350e-003
5.097431468339539e-006	-4.418290e-002	4.609074e+000	-9.767291e-004
5.104267405839539e-006	-3.112484e-002	4.615963e+000	4.140842e-004
5.111103343339539e-006	-1.675672e-002	4.634653e+000	1.736869e-003
5.117939280839539e-006	-1.935913e-003	4.663693e+000	2.922123e-003
5.124775218339539e-006	1.248207e-002	4.701119e+000	3.910428e-003
5.131611155839539e-006	2.569556e-002	4.744582e+000	4.655191e-003
5.138447093339539e-006	3.700366e-002	4.791488e+000	5.124647e-003
5.145283030839539e-006	4.584451e-002	4.839149e+000	5.303067e-003
5.152118968339540e-006	5.182254e-002	4.884936e+000	5.191096e-003
5.158954905839540e-006	5.472347e-002	4.926416e+000	4.805224e-003
5.165790843339540e-006	5.451691e-002	4.961484e+000	4.176429e-003
5.172626780839540e-006	5.134771e-002	4.988466e+000	3.348040e-003
5.179462718339540e-006	4.551776e-002	5.006196e+000	2.372993e-003
5.186298655839540e-006	3.752350e-002	5.014489e+000	1.310548e-003
5.191951478188869e-006	2.957203e-002	5.013791e+000	4.070298e-004
5.197676607323776e-006	2.059804e-002	5.005752e+000	-4.878100e-004
5.204512544823776e-006	9.338906e-003	4.988212e+000	-1.480703e-003
5.211348482323776e-006	-1.919689e-003	4.963582e+000	-2.348069e-003
5.218184419823776e-006	-1.260513e-002	4.933155e+000	-3.044301e-003
5.225020357323776e-006	-2.216072e-002	4.898859e+000	-3.537179e-003
5.231856294823776e-006	-3.011033e-002	4.862763e+000	-3.807171e-003
5.238692232323776e-006	-3.607999e-002	4.826954e+000	-3.848026e-003
5.245528169823776e-006	-3.981422e-002	4.793425e+000	-3.666557e-003
5.252364107323776e-006	-4.118617e-002	4.763961e+000	-3.281671e-003
5.259200044823776e-006	-4.020120e-002	4.740059e+000	-2.722760e-003
5.266035982323776e-006	-3.699361e-002	4.722847e+000	-2.027589e-003
5.272871919823776e-006	-3.181645e-002	4.713041e+000	-1.239838e-003
5.279707857323776e-006	-2.502476e-002	4.710923e+000	-4.064525e-004
5.286543794823776e-006	-1.705317e-002	4.716340e+000	4.250371e-004
5.293379732323776e-006	-8.388965e-003	4.728732e+000	1.209099e-003
5.300215669823777e-006	4.576249e-004	4.747174e+000	1.904560e-003
5.307051607323777e-006	8.983869e-003	4.770446e+000	2.476638e-003
5.313887544823777e-006	1.672373e-002	4.797106e+000	2.898568e-003
5.320723482323777e-006	2.327381e-002	4.825582e+000	3.152747e-003
5.327559419823777e-006	2.831435e-002	4.854258e+000	3.231369e-003
5.334395357323777e-006	3.162416e-002	4.881566e+000	3.136517e-003
5.341231294823777e-006	3.308883e-002	4.906075e+000	2.879721e-003
5.348067232323777e-006	3.270216e-002	4.926558e+000	2.481021e-003
5.354903169823777e-006	3.056112e-002	4.942058e+000	1.967590e-003
5.361739107323777e-006	2.685539e-002	4.951927e+000	1.371997e-003
5.368575044823777e-006	2.185229e-002	4.955853e+000	7.302225e-004
5.375410982323777e-006	1.588717e-002	4.953972e+000	7.864884e-005
5.381695040859809e-006	9.848113e-003	4.947219e+000	-4.964379e-004
5.388530978359809e-006	3.033059e-003	4.935133e+000	-1.066788e-003
5.394512405233020e-006	-2.849042e-003	4.921231e+000	-1.497095e-003
5.400282195128246e-006	-8.175505e-003	4.905324e+000	-1.826732e-003
5.407118132628246e-006	-1.378193e-002	4.884581e+000	-2.100481e-003
5.413954070128247e-006	-1.840885e-002	4.863024e+000	-2.244507e-003
5.420790007628247e-006	-2.181677e-002	4.841798e+000	-2.251427e-003
5.427625945128247e-006	-2.386302e-002	4.822086e+000	-2.126194e-003
5.434461882628247e-006	-2.448397e-002	4.804942e+000	-1.880892e-003
5.441297820128247e-006	-2.369613e-002	4.791236e+000	-1.533764e-003
5.448133757628247e-006	-2.159297e-002	4.781616e+000	-1.107940e-003
5.454969695128247e-006	-1.833755e-002	4.776481e+000	-6.299579e-004
5.461805632628247e-006	-1.415354e-002	4.775949e+000	-1.280943e-004
5.468537121554765e-006	-9.379903e-003	4.779836e+000	3.616129e-004
5.475373059054765e-006	-4.160283e-003	4.787902e+000	8.273782e-004
5.482208996554765e-006	1.131581e-003	4.799484e+000	1.238149e-003
5.488766398735982e-006	5.996273e-003	4.813270e+000	1.559877e-003
5.495602336235982e-006	1.057830e-002	4.829573e+000	1.804605e-003
5.502438273735982e-006	1.443717e-002	4.846865e+000	1.948733e-003
5.509274211235982e-006	1.738242e-002	4.864201e+000	1.987212e-003
5.516110148735982e-006	1.928593e-002	4.880644e+000	1.921817e-003
5.522946086235982e-006	2.008299e-002	4.895340e+000	1.759975e-003
5.529782023735982e-006	1.977308e-002	4.907567e+000	1.514165e-003
5.536617961235982e-006	1.841712e-002	4.916762e+000	1.201053e-003
5.543453898735983e-006	1.613129e-002	4.922554e+000	8.404275e-004
5.550289836235983e-006	1.307812e-002	4.924771e+000	4.539933e-004
5.557125773735983e-006	9.458998e-003	4.923491e+000	6.369974e-005
5.563576945674629e-006	5.715056e-003	4.919193e+000	-2.880212e-004
5.570412883174629e-006	1.624571e-003	4.911751e+000	-6.237074e-004
5.577248820674629e-006	-2.372887e-003	4.901991e+000	-9.071849e-004
5.583441251543305e-006	-5.721924e-003	4.891587e+000	-1.104204e-003
5.590277189043305e-006	-8.936294e-003	4.879066e+000	-1.246684e-003
5.597113126543305e-006	-1.151407e-002	4.866243e+000	-1.309367e-003
5.603949064043305e-006	-1.332793e-002	4.853830e+000	-1.290190e-003
5.610785001543305e-006	-1.430618e-002	4.842518e+000	-1.193366e-003
5.617620939043306e-006	-1.442544e-002	4.832911e+000	-1.027241e-003
5.624456876543306e-006	-1.371043e-002	4.825498e+000	-8.036654e-004
5.631292814043306e-006	-1.223100e-002	4.820624e+000	-5.371972e-004
5.638128751543306e-006	-1.011415e-002	4.818379e+000	-2.442676e-004
5.643908775015755e-006	-7.911758e-003	4.818632e+000	1.235712e-005
5.649421951127504e-006	-5.533424e-003	4.820857e+000	2.534917e-004
5.656257888627504e-006	-2.394876e-003	4.825871e+000	5.338082e-004
5.663093826127504e-006	7.798494e-004	4.832896e+000	7.821908e-004
5.669621550977952e-006	3.691686e-003	4.841223e+000	9.765521e-004
5.676457488477952e-006	6.454627e-003	4.851126e+000	1.125934e-003
5.683293425977952e-006	8.790416e-003	4.861646e+000	1.215051e-003
5.690129363477952e-006	1.058338e-002	4.872216e+000	1.240677e-003
5.696965300977952e-006	1.175491e-002	4.882273e+000	1.203749e-003
5.703801238477952e-006	1.226405e-002	4.891300e+000	1.108621e-003
5.710637175977952e-006	1.210824e-002	4.898860e+000	9.627001e-004
5.717473113477952e-006	1.132186e-002	4.904608e+000	7.759252e-004
5.724309050977952e-006	9.972724e-003	4.908318e+000	5.601324e-004
5.731144988477952e-006	8.166673e-003	4.909950e+000	3.282210e-004
5.737083025041046e-006	6.305488e-003	4.909640e+000	1.235219e-004
5.742803509029698e-006	4.329591e-003	4.907766e+000	-6.691249e-005
5.749639446529698e-006	1.873491e-003	4.903843e+000	-2.755084e-004
5.756475384029698e-006	-5.560175e-004	4.898470e+000	-4.551444e-004
5.763047350926731e-006	-2.746552e-003	4.892193e+000	-5.910457e-004
5.769883288426731e-006	-4.756792e-003	4.884923e+000	-6.878978e-004
5.776719225926731e-006	-6.399355e-003	4.877361e+000	-7.366437e-004
5.783555163426731e-006	-7.595528e-003	4.869946e+000	-7.360299e-004
5.790391100926731e-006	-8.295993e-003	4.863104e+000	-6.879786e-004
5.797227038426731e-006	-8.480484e-003	4.857211e+000	-5.969628e-004
5.804062975926731e-006	-8.157887e-003	4.852577e+000	-4.696585e-004
5.810898913426731e-006	-7.364755e-003	4.849432e+000	-3.144890e-004
5.817734850926731e-006	-6.173762e-003	4.847848e+000	-1.412315e-004
5.823494453597657e-006	-4.903343e-003	4.847843e+000	1.176498e-005
5.829851084889431e-006	-3.287335e-003	4.849272e+000	1.796378e-004
5.836687022389431e-006	-1.417361e-003	4.852232e+000	3.499107e-004
5.843522959889431e-006	4.907878e-004	4.856469e+000	5.016820e-004
5.849944584166044e-006	2.223053e-003	4.861433e+000	6.196757e-004
5.856780521666044e-006	3.906124e-003	4.867462e+000	7.133528e-004
5.863616459166044e-006	5.342476e-003	4.873899e+000	7.712105e-004
5.870452396666044e-006	6.460123e-003	4.880407e+000	7.909486e-004
5.877288334166044e-006	7.209251e-003	4.886644e+000	7.728918e-004
5.884124271666044e-006	7.562419e-003	4.892296e+000	7.194384e-004
5.890960209166044e-006	7.515198e-003	4.897093e+000	6.348527e-004
5.897796146666044e-006	7.085493e-003	4.900820e+000	5.249617e-004
5.904632084166044e-006	6.311653e-003	4.903334e+000	3.967760e-004
5.911468021666044e-006	5.255278e-003	4.904599e+000	2.580246e-004
5.917459724305879e-006	4.141765e-003	4.904625e+000	1.338967e-004
5.923918717400788e-006	2.807845e-003	4.903545e+000	4.324278e-006
5.930754654900788e-006	1.333441e-003	4.901352e+000	-1.213556e-004
5.937590592400788e-006	-1.266961e-004	4.898250e+000	-2.291422e-004
5.944426529900788e-006	-1.494137e-003	4.894448e+000	-3.136460e-004
5.951262467400789e-006	-2.697029e-003	4.890203e+000	-3.710793e-004
5.958098404900789e-006	-3.675262e-003	4.885786e+000	-3.992967e-004
5.964934342400789e-006	-4.383318e-003	4.881468e+000	-3.978517e-004
5.971770279900789e-006	-4.792241e-003	4.877503e+000	-3.679564e-004
5.978606217400789e-006	-4.890625e-003	4.874117e+000	-3.123501e-004
5.985442154900789e-006	-4.684617e-003	4.871495e+000	-2.350894e-004
5.992278092400789e-006	-4.196948e-003	4.869772e+000	-1.412726e-004
5.999114029900789e-006	-3.470467e-003	4.868999e+000	-3.677478e-005
6.005089900563090e-006	-2.672195e-003	4.869143e+000	5.880449e-005
6.010856614710328e-006	-1.788367e-003	4.870052e+000	1.503754e-004
6.017692552210328e-006	-6.627883e-004	4.871942e+000	2.533876e-004
6.023356592566928e-006	2.899014e-004	4.874107e+000	3.303196e-004
6.029684848452233e-006	1.327078e-003	4.877103e+000	4.028044e-004
6.036520785952233e-006	2.361950e-003	4.880791e+000	4.631149e-004
6.043356723452233e-006	3.258284e-003	4.884763e+000	5.022894e-004
6.050192660952233e-006	3.970593e-003	4.888820e+000	5.186370e-004
6.057028598452233e-006	4.466368e-003	4.892753e+000	5.120998e-004
6.063864535952233e-006	4.726343e-003	4.896369e+000	4.838860e-004
6.070700473452233e-006	4.745048e-003	4.899499e+000	4.363565e-004
6.077536410952233e-006	4.530573e-003	4.902009e+000	3.728518e-004
6.084372348452233e-006	4.103593e-003	4.903801e+000	2.974716e-004
6.091208285952233e-006	3.495729e-003	4.904824e+000	2.148199e-004
6.098044223452233e-006	2.747376e-003	4.905067e+000	1.297313e-004
6.104880160952233e-006	1.905137e-003	4.904568e+000	4.699487e-005
6.111716098452234e-006	1.019017e-003	4.903399e+000	-2.890951e-005
6.118552035952234e-006	1.395398e-004	4.901671e+000	-9.404820e-005
6.125387973452234e-006	-6.850443e-004	4.899519e+000	-1.452312e-004
6.132223910952234e-006	-1.411326e-003	4.897097e+000	-1.801613e-004
6.139059848452234e-006	-2.002941e-003	4.894567e+000	-1.975272e-004
6.145895785952234e-006	-2.432307e-003	4.892094e+000	-1.970392e-004
6.152731723452234e-006	-2.681814e-003	4.889831e+000	-1.794064e-004
6.159567660952234e-006	-2.744434e-003	4.887913e+000	-1.462592e-004
6.166403598452234e-006	-2.623718e-003	4.886454e+000	-1.000241e-004
6.173239535952234e-006	-2.333217e-003	4.885534e+000	-4.375901e-005
6.180075473452234e-006	-1.895368e-003	4.885205e+000	1.903940e-005
6.186911410952234e-006	-1.339931e-003	4.885481e+000	8.464584e-005
6.193747348452234e-006	-7.020716e-004	4.886342e+000	1.493205e-004
6.200583285952234e-006	-2.021346e-005	4.887738e+000	2.095161e-004
6.207419223452234e-006	6.662139e-004	4.889591e+000	2.620662e-004
6.214255160952234e-006	1.319002e-003	4.891800e+000	3.043454e-004
6.221091098452234e-006	1.903240e-003	4.894248e+000	3.343940e-004
6.227927035952235e-006	2.389131e-003	4.896810e+000	3.510015e-004
6.234762973452235e-006	2.753449e-003	4.899358e+000	3.537448e-004
6.241598910952235e-006	2.980583e-003	4.901771e+000	3.429830e-004
6.248434848452235e-006	3.063109e-003	4.903939e+000	3.198080e-004
6.255270785952235e-006	3.001888e-003	4.905770e+000	2.859572e-004
6.262106723452235e-006	2.805699e-003	4.907194e+000	2.436937e-004
6.268942660952235e-006	2.490448e-003	4.908167e+000	1.956612e-004
6.275778598452235e-006	2.078019e-003	4.908669e+000	1.447240e-004
6.282614535952235e-006	1.595014e-003	4.908713e+000	9.377139e-005
6.289260779361561e-006	1.085102e-003	4.908342e+000	4.693182e-005
6.296096716861561e-006	5.492618e-004	4.907589e+000	4.048371e-006
6.302932654361561e-006	3.183157e-005	4.906539e+000	-3.139435e-005
6.309768591861561e-006	-4.395140e-004	4.905277e+000	-5.769571e-005
6.316604529361561e-006	-8.405036e-004	4.903899e+000	-7.375250e-005
6.323440466861561e-006	-1.151658e-003	4.902504e+000	-7.906988e-005
6.330276404361561e-006	-1.359185e-003	4.901188e+000	-7.376580e-005
6.337112341861561e-006	-1.455529e-003	4.900040e+000	-5.854125e-005
6.343948279361561e-006	-1.439559e-003	4.899134e+000	-3.461948e-005
6.350784216861561e-006	-1.316395e-003	4.898530e+000	-3.658514e-006
6.357620154361561e-006	-1.098772e-003	4.898260e+000	3.230891e-005
6.363747587799670e-006	-8.341775e-004	4.898324e+000	6.713459e-005
6.369726177070746e-006	-5.237475e-004	4.898685e+000	1.018138e-004
6.376562114570746e-006	-1.292192e-004	4.899425e+000	1.402271e-004
6.383398052070746e-006	2.841663e-004	4.900463e+000	1.754834e-004
6.390006536753572e-006	6.809538e-004	4.901718e+000	2.047472e-004
6.396842474253572e-006	1.066188e-003	4.903212e+000	2.285645e-004
6.403678411753572e-006	1.405989e-003	4.904832e+000	2.448580e-004
6.410514349253572e-006	1.683103e-003	4.906503e+000	2.529537e-004
6.417350286753572e-006	1.884516e-003	4.908150e+000	2.527031e-004
6.424186224253572e-006	2.001897e-003	4.909699e+000	2.444246e-004
6.431022161753572e-006	2.031876e-003	4.911087e+000	2.288685e-004
6.437858099253572e-006	1.976050e-003	4.912261e+000	2.071598e-004
6.444694036753573e-006	1.840702e-003	4.913183e+000	1.807217e-004
6.451529974253573e-006	1.636271e-003	4.913828e+000	1.511856e-004
6.458365911753573e-006	1.376626e-003	4.914190e+000	1.202937e-004
6.465201849253573e-006	1.078160e-003	4.914276e+000	8.979787e-005
6.472037786753573e-006	7.587965e-004	4.914111e+000	6.136260e-005
6.478873724253573e-006	4.369358e-004	4.913730e+000	3.647608e-005
6.485709661753573e-006	1.290422e-004	4.913184e+000	1.615610e-005
6.491560658392721e-006	-1.108640e-004	4.912621e+000	3.205860e-006
6.497184960488635e-006	-3.082685e-004	4.912032e+000	-4.516594e-006
6.504020897988635e-006	-4.976952e-004	4.911308e+000	-7.920095e-006
6.510856835488635e-006	-6.273089e-004	4.910631e+000	-5.191556e-006
6.517692772988635e-006	-6.901086e-004	4.910050e+000	3.554835e-006
6.524528710488635e-006	-6.851571e-004	4.909613e+000	1.760179e-005
6.531364647988635e-006	-6.152980e-004	4.909356e+000	3.596582e-005
6.538200585488635e-006	-4.868589e-004	4.909304e+000	5.746166e-005
6.545036522988635e-006	-3.091716e-004	4.909470e+000	8.077540e-005
6.551872460488635e-006	-9.394527e-005	4.909854e+000	1.045420e-004
6.558708397988635e-006	1.453859e-004	4.910440e+000	1.274875e-004
6.564877341072943e-006	3.706227e-004	4.911132e+000	1.463563e-004
6.571713278572944e-006	6.169182e-004	4.912048e+000	1.641955e-004
6.578549216072944e-006	8.467177e-004	4.913077e+000	1.781125e-004
6.585385153572944e-006	1.047969e-003	4.914178e+000	1.874146e-004
6.592221091072944e-006	1.210572e-003	4.915305e+000	1.917526e-004
6.599057028572944e-006	1.326943e-003	4.916413e+000	1.910650e-004
6.605892966072944e-006	1.392344e-003	4.917458e+000	1.855705e-004
6.612728903572944e-006	1.405037e-003	4.918402e+000	1.757455e-004
6.619564841072944e-006	1.366263e-003	4.919214e+000	1.622882e-004
6.626400778572944e-006	1.280067e-003	4.919872e+000	1.460718e-004
6.633236716072944e-006	1.152962e-003	4.920362e+000	1.280892e-004
6.640072653572944e-006	9.934787e-004	4.920681e+000	1.093942e-004
6.646908591072944e-006	8.116193e-004	4.920835e+000	9.104062e-005
6.653744528572944e-006	6.181696e-004	4.920840e+000	7.398204e-005
6.660142215751454e-006	4.364987e-004	4.920727e+000	6.004694e-005
6.666978153251454e-006	2.521026e-004	4.920508e+000	4.803699e-005
6.673814090751454e-006	8.544396e-005	4.920224e+000	3.924081e-005
6.679226931935808e-006	-2.677366e-005	4.919973e+000	3.504002e-005
6.685356123237814e-006	-1.261460e-004	4.919687e+000	3.352871e-005
6.692192060737814e-006	-2.017759e-004	4.919397e+000	3.540318e-005
6.699027998237814e-006	-2.379711e-004	4.919167e+000	4.078947e-005
6.705863935737814e-006	-2.333452e-004	4.919024e+000	4.934893e-005
6.712699873237814e-006	-1.897147e-004	4.918990e+000	6.048199e-005
6.719535810737814e-006	-1.109860e-004	4.919080e+000	7.346926e-005
6.726371748237814e-006	-2.861464e-006	4.919302e+000	8.751571e-005
6.733207685737814e-006	1.275427e-004	4.919656e+000	1.017976e-004
6.740043623237814e-006	2.721433e-004	4.920133e+000	1.155090e-004
6.746879560737814e-006	4.223733e-004	4.920720e+000	1.279057e-004
6.753715498237814e-006	5.696747e-004	4.921397e+000	1.383441e-004
6.760551435737814e-006	7.059719e-004	4.922141e+000	1.463132e-004
6.767387373237814e-006	8.241008e-004	4.922925e+000	1.514574e-004
6.774223310737814e-006	9.181715e-004	4.923719e+000	1.535909e-004
6.781059248237814e-006	9.838467e-004	4.924499e+000	1.527014e-004
6.787895185737815e-006	1.018523e-003	4.925236e+000	1.489441e-004
6.794731123237815e-006	1.021412e-003	4.925910e+000	1.426275e-004
6.801567060737815e-006	9.935115e-004	4.926501e+000	1.341897e-004
6.808402998237815e-006	9.374873e-004	4.926999e+000	1.241702e-004
6.815238935737815e-006	8.574605e-004	4.927393e+000	1.131758e-004
6.822074873237815e-006	7.587259e-004	4.927685e+000	1.018443e-004
6.828910810737815e-006	6.474141e-004	4.927878e+000	9.080883e-005
6.835746748237815e-006	5.301220e-004	4.927982e+000	8.066208e-005
6.842582685737815e-006	4.135299e-004	4.928011e+000	7.192558e-005
6.849418623237815e-006	3.037872e-004	4.927983e+000	6.498778e-005
6.855824656634795e-006	2.126988e-004	4.927923e+000	6.045751e-005
6.862660594134796e-006	1.327560e-004	4.927844e+000	5.790197e-005
6.869496531634796e-006	7.373947e-005	4.927770e+000	5.767149e-005
6.876332469134796e-006	3.833285e-005	4.927721e+000	5.971932e-005
6.883168406634796e-006	2.720242e-005	4.927716e+000	6.381494e-005
6.889570766456745e-006	3.921253e-005	4.927765e+000	6.928267e-005
6.896406703956745e-006	7.439065e-005	4.927887e+000	7.647955e-005
6.903242641456745e-006	1.291315e-004	4.928085e+000	8.458555e-005
6.910078578956745e-006	2.000067e-004	4.928363e+000	9.313582e-005
6.916914516456745e-006	2.824588e-004	4.928719e+000	1.016340e-004
6.923750453956745e-006	3.714602e-004	4.929146e+000	1.096052e-004
6.930586391456745e-006	4.618085e-004	4.929635e+000	1.166215e-004
6.937422328956745e-006	5.484213e-004	4.930173e+000	1.223238e-004
6.944258266456745e-006	6.266134e-004	4.930745e+000	1.264391e-004
6.951094203956745e-006	6.923407e-004	4.931334e+000	1.287926e-004
6.957930141456745e-006	7.424007e-004	4.931923e+000	1.293133e-004
6.964766078956746e-006	7.745782e-004	4.932497e+000	1.280344e-004
6.971602016456746e-006	7.877306e-004	4.933040e+000	1.250876e-004
6.978437953956746e-006	7.818114e-004	4.933539e+000	1.206916e-004
6.985273891456746e-006	7.578313e-004	4.933985e+000	1.151377e-004
6.992109828956746e-006	7.200298e-004	4.934383e+000	1.088365e-004
6.994164062500000e-006	7.056459e-004	4.934490e+000	1.068158e-004
6.997891532913492e-006	6.757053e-004	4.934665e+000	1.030290e-004
6.999000000000000e-006	6.660707e-004	4.934713e+000	1.018913e-004
7.000000000000000e-006	6.572115e-004	4.934756e+000	1.008639e-004
