time	V(vgate)	V(vout)	I(D3)
0.000000000000000e+000	3.300000e+000	7.492814e-003	3.465263e-001
6.249999897583222e-013	3.300000e+000	7.492814e-003	3.465263e-001
1.249999979516644e-012	3.300000e+000	7.492814e-003	3.465263e-001
1.874999969274967e-012	3.300000e+000	7.492814e-003	3.465263e-001
2.499999959033289e-012	3.300000e+000	7.492814e-003	3.465263e-001
3.124999948791611e-012	3.300000e+000	7.492814e-003	3.465263e-001
3.749999938549933e-012	3.300000e+000	7.492814e-003	3.465263e-001
4.374999928308254e-012	3.300000e+000	7.492814e-003	3.465263e-001
8.749999856616508e-012	3.300000e+000	7.492814e-003	3.465263e-001
1.367290834447826e-011	3.299999e+000	7.492813e-003	3.465263e-001
1.871257891306422e-011	3.299999e+000	7.492812e-003	3.465263e-001
2.361349071358316e-011	3.299997e+000	7.492810e-003	3.465263e-001
2.958212553894471e-011	3.299994e+000	7.492804e-003	3.465263e-001
3.709153583130893e-011	3.299989e+000	7.492791e-003	3.465264e-001
4.676229096663532e-011	3.299980e+000	7.492761e-003	3.465264e-001
5.905673584160676e-011	3.299961e+000	7.492691e-003	3.465264e-001
7.497144644505284e-011	3.299922e+000	7.492532e-003	3.465264e-001
9.561803387990000e-011	3.299845e+000	7.492170e-003	3.465264e-001
1.230121333877799e-010	3.299687e+000	7.491339e-003	3.465264e-001
1.600575051932468e-010	3.299355e+000	7.489422e-003	3.465265e-001
2.124336847027336e-010	3.298619e+000	7.484833e-003	3.465265e-001
2.925533347515661e-010	3.296792e+000	7.472754e-003	3.465266e-001
4.516545969393136e-010	3.291226e+000	7.434958e-003	3.465267e-001
6.608547240065079e-010	3.281353e+000	7.367893e-003	3.465268e-001
8.062400156123476e-010	3.272952e+000	7.312198e-003	3.465269e-001
1.000000000000000e-009	3.260546e+000	7.232117e-003	3.465270e-001
1.019375998438765e-009	3.259229e+000	7.223957e-003	3.465270e-001
1.058127995316296e-009	3.256634e+000	7.207986e-003	3.465270e-001
1.135631989071357e-009	3.251776e+000	7.179012e-003	3.465270e-001
1.290639976581479e-009	3.243582e+000	7.134855e-003	3.465271e-001
1.520573725550174e-009	3.234449e+000	7.097279e-003	3.465271e-001
1.731424446128513e-009	3.228705e+000	7.087526e-003	3.465272e-001
2.001650721843385e-009	3.223435e+000	7.094962e-003	3.465272e-001
2.295772593775469e-009	3.218377e+000	7.109666e-003	3.465272e-001
2.682843043978850e-009	3.211708e+000	7.128960e-003	3.465273e-001
3.293943892606121e-009	3.200921e+000	7.156828e-003	3.465273e-001
4.304295987300812e-009	3.183043e+000	7.202056e-003	3.465274e-001
5.681298975930001e-009	3.158891e+000	7.264838e-003	3.465275e-001
8.435304953188380e-009	3.111296e+000	7.394134e-003	3.465277e-001
1.394331690770514e-008	3.018232e+000	7.664615e-003	3.465278e-001
2.077925440770514e-008	2.906170e+000	8.021491e-003	3.465269e-001
2.761519190770514e-008	2.798063e+000	8.405733e-003	3.465243e-001
3.445112940770514e-008	2.693969e+000	8.821862e-003	3.465196e-001
4.128706690770514e-008	2.593736e+000	9.273720e-003	3.465125e-001
4.812300440770514e-008	2.497219e+000	9.765796e-003	3.465029e-001
5.495894190770514e-008	2.404276e+000	1.030336e-002	3.464907e-001
6.179487940770514e-008	2.314774e+000	1.089266e-002	3.464757e-001
6.863081690770513e-008	2.228584e+000	1.154113e-002	3.464578e-001
7.546675440770513e-008	2.145584e+000	1.225769e-002	3.464368e-001
8.230269190770512e-008	2.065658e+000	1.305318e-002	3.464124e-001
8.913862940770511e-008	1.988695e+000	1.394083e-002	3.463844e-001
9.597456690770511e-008	1.914591e+000	1.493702e-002	3.463524e-001
1.028105044077051e-007	1.843251e+000	1.606219e-002	3.463160e-001
1.096464419077051e-007	1.774587e+000	1.734219e-002	3.462746e-001
1.164823794077051e-007	1.708520e+000	1.881019e-002	3.462276e-001
1.233183169077051e-007	1.644983e+000	2.050922e-002	3.461742e-001
1.301542544077051e-007	1.583922e+000	2.249605e-002	3.461133e-001
1.369901919077051e-007	1.525302e+000	2.484672e-002	3.460436e-001
1.438261294077051e-007	1.469111e+000	2.766470e-002	3.459634e-001
1.506620669077051e-007	1.415370e+000	3.109325e-002	3.458705e-001
1.574980044077051e-007	1.364147e+000	3.533423e-002	3.457619e-001
1.643339419077051e-007	1.315577e+000	4.067776e-002	3.456337e-001
1.711698794077052e-007	1.269901e+000	4.755076e-002	3.454803e-001
1.780058169077052e-007	1.227526e+000	5.660225e-002	3.452940e-001
1.848417544077052e-007	1.189153e+000	6.886818e-002	3.450637e-001
1.916776919077052e-007	1.156051e+000	8.612866e-002	3.447727e-001
1.985136294077052e-007	1.130699e+000	1.117499e-001	3.443944e-001
2.053495669077052e-007	1.116263e+000	1.500997e-001	3.438861e-001
2.121855044077052e-007	1.111782e+000	2.006156e-001	3.431888e-001
2.190214419077052e-007	1.111231e+000	2.563816e-001	3.422438e-001
2.258573794077052e-007	1.110752e+000	3.128683e-001	3.410145e-001
2.326933169077052e-007	1.110163e+000	3.699322e-001	3.394910e-001
2.395292544077052e-007	1.109495e+000	4.276930e-001	3.376786e-001
2.463651919077052e-007	1.108727e+000	4.862250e-001	3.355879e-001
2.532011294077052e-007	1.107878e+000	5.456598e-001	3.332309e-001
2.600370669077052e-007	1.106936e+000	6.061119e-001	3.306191e-001
2.668730044077052e-007	1.105912e+000	6.677361e-001	3.277629e-001
2.737089419077052e-007	1.104796e+000	7.306900e-001	3.246712e-001
2.805448794077052e-007	1.103593e+000	7.951685e-001	3.213515e-001
2.873808169077053e-007	1.102296e+000	8.613829e-001	3.178094e-001
2.942167544077053e-007	1.100904e+000	9.295842e-001	3.140490e-001
3.010526919077053e-007	1.099410e+000	1.000053e+000	3.100723e-001
3.078886294077053e-007	1.097810e+000	1.073114e+000	3.058796e-001
3.147245669077053e-007	1.096094e+000	1.149135e+000	3.014690e-001
3.215605044077053e-007	1.094254e+000	1.228531e+000	2.968366e-001
3.283964419077053e-007	1.092278e+000	1.311768e+000	2.919759e-001
3.352323794077053e-007	1.090153e+000	1.399361e+000	2.868780e-001
3.420683169077053e-007	1.087864e+000	1.491865e+000	2.815314e-001
3.489042544077053e-007	1.085395e+000	1.589877e+000	2.759218e-001
3.557401919077053e-007	1.082724e+000	1.694016e+000	2.700320e-001
3.625761294077053e-007	1.079831e+000	1.804911e+000	2.638420e-001
3.694120669077053e-007	1.076690e+000	1.923185e+000	2.573292e-001
3.762480044077053e-007	1.073272e+000	2.049431e+000	2.504684e-001
3.830839419077054e-007	1.069545e+000	2.184191e+000	2.432323e-001
3.899198794077054e-007	1.065470e+000	2.327938e+000	2.355921e-001
3.967558169077054e-007	1.061004e+000	2.481046e+000	2.275176e-001
4.035917544077054e-007	1.056093e+000	2.643776e+000	2.189787e-001
4.104276919077054e-007	1.050674e+000	2.816252e+000	2.099456e-001
4.172636294077054e-007	1.044670e+000	2.998437e+000	2.003903e-001
4.240995669077054e-007	1.037984e+000	3.190116e+000	1.902874e-001
4.309355044077054e-007	1.030491e+000	3.390861e+000	1.796157e-001
4.377714419077054e-007	1.022030e+000	3.599996e+000	1.683594e-001
4.446073794077054e-007	1.012383e+000	3.816538e+000	1.565101e-001
4.514433169077054e-007	1.001245e+000	4.039112e+000	1.440685e-001
4.582792544077054e-007	9.881811e-001	4.265792e+000	1.310477e-001
4.651151919077054e-007	9.725326e-001	4.493847e+000	1.174764e-001
4.719511294077055e-007	9.532716e-001	4.719271e+000	1.034044e-001
4.787870669077055e-007	9.287362e-001	4.935980e+000	8.891007e-002
4.856230044077054e-007	8.962533e-001	5.134589e+000	7.411253e-002
4.924589419077054e-007	8.518897e-001	5.301345e+000	5.918797e-002
4.992948794077053e-007	7.910669e-001	5.419149e+000	4.438828e-002
5.061308169077053e-007	7.105269e-001	5.472356e+000	3.005111e-002
5.129667544077052e-007	6.104260e-001	5.452866e+000	1.658633e-002
5.198026919077052e-007	4.945716e-001	5.362373e+000	4.432433e-003
5.266386294077051e-007	3.688616e-001	5.209931e+000	-6.005020e-003
5.334745669077051e-007	2.396853e-001	5.008546e+000	-1.441118e-002
5.403105044077050e-007	1.131543e-001	4.773120e+000	-2.059931e-002
5.471464419077050e-007	-5.153161e-003	4.519349e+000	-2.452219e-002
5.539823794077050e-007	-1.103136e-001	4.262891e+000	-2.626063e-002
5.608183169077049e-007	-1.981675e-001	4.018599e+000	-2.599780e-002
5.676542544077049e-007	-2.654371e-001	3.799806e+000	-2.398986e-002
5.744901919077048e-007	-3.098508e-001	3.617726e+000	-2.054073e-002
5.813261294077048e-007	-3.302634e-001	3.480976e+000	-1.598287e-002
5.881620669077047e-007	-3.267513e-001	3.395269e+000	-1.066269e-002
5.949980044077047e-007	-3.006589e-001	3.363269e+000	-4.928109e-003
6.018339419077046e-007	-2.546683e-001	3.384274e+000	8.856714e-004
6.084788638357401e-007	-1.941783e-001	3.453123e+000	6.307784e-003
6.153148013357400e-007	-1.202179e-001	3.568085e+000	1.136803e-002
6.221507388357400e-007	-3.959477e-002	3.717993e+000	1.572637e-002
6.274319603757930e-007	2.419351e-002	3.853695e+000	1.844288e-002
6.330564150640233e-007	9.006907e-002	4.012003e+000	2.054025e-002
6.398923525640233e-007	1.634996e-001	4.211535e+000	2.204833e-002
6.467282900640232e-007	2.263290e-001	4.408839e+000	2.243294e-002
6.535642275640232e-007	2.751063e-001	4.593839e+000	2.167829e-002
6.604001650640231e-007	3.076684e-001	4.756910e+000	1.987453e-002
6.672361025640231e-007	3.229661e-001	4.890034e+000	1.715606e-002
6.740720400640230e-007	3.210247e-001	4.987206e+000	1.369011e-002
6.809079775640230e-007	3.028435e-001	5.044714e+000	9.670841e-003
6.877439150640229e-007	2.702518e-001	5.061266e+000	5.318742e-003
6.945798525640229e-007	2.257378e-001	5.037959e+000	8.790606e-004
7.014157900640228e-007	1.722660e-001	4.978104e+000	-3.388095e-003
7.082517275640228e-007	1.130930e-001	4.886925e+000	-7.227838e-003
7.150876650640228e-007	5.159100e-002	4.771168e+000	-1.041556e-002
7.219236025640227e-007	-8.915951e-003	4.638634e+000	-1.277906e-002
7.287595400640227e-007	-6.530094e-002	4.497694e+000	-1.421200e-002
7.355954775640226e-007	-1.147676e-001	4.356789e+000	-1.467752e-002
7.424314150640226e-007	-1.549678e-001	4.223959e+000	-1.420368e-002
7.492673525640225e-007	-1.841018e-001	4.106423e+000	-1.287408e-002
7.561032900640225e-007	-2.009990e-001	4.010217e+000	-1.081613e-002
7.629392275640224e-007	-2.051736e-001	3.939925e+000	-8.188955e-003
7.697751650640224e-007	-1.968486e-001	3.898497e+000	-5.171756e-003
7.766111025640223e-007	-1.769427e-001	3.887165e+000	-1.952891e-003
7.834470400640223e-007	-1.470147e-001	3.905452e+000	1.280086e-003
7.902829775640223e-007	-1.091643e-001	3.951276e+000	4.349431e-003
7.971189150640222e-007	-6.589461e-002	4.021124e+000	7.095220e-003
8.039548525640222e-007	-1.989292e-002	4.109841e+000	9.406920e-003
8.096746293649362e-007	1.879283e-002	4.195163e+000	1.092067e-002
8.150899052411865e-007	5.373520e-002	4.282241e+000	1.190305e-002
8.219258427411865e-007	9.360662e-002	4.394669e+000	1.253858e-002
8.287617802411865e-007	1.272142e-001	4.504166e+000	1.253851e-002
8.355977177411864e-007	1.527471e-001	4.605183e+000	1.189513e-002
8.424336552411864e-007	1.691299e-001	4.692550e+000	1.066766e-002
8.492695927411863e-007	1.758706e-001	4.762058e+000	8.943935e-003
8.561055302411863e-007	1.730492e-001	4.810668e+000	6.834925e-003
8.629414677411862e-007	1.612740e-001	4.836637e+000	4.468809e-003
8.697774052411862e-007	1.416391e-001	4.839671e+000	1.984172e-003
8.764830786986969e-007	1.160716e-001	4.821035e+000	-4.298997e-004
8.833190161986968e-007	8.527213e-002	4.782099e+000	-2.729702e-003
8.901549536986968e-007	5.160876e-002	4.726361e+000	-4.742615e-003
8.969908911986967e-007	1.692137e-002	4.657969e+000	-6.384858e-003
9.025989649598967e-007	-1.096512e-002	4.595057e+000	-7.379897e-003
9.085020385856482e-007	-3.834151e-002	4.525309e+000	-8.017683e-003
9.153379760856481e-007	-6.631304e-002	4.444751e+000	-8.264882e-003
9.221739135856481e-007	-8.915978e-002	4.368557e+000	-8.008801e-003
9.290098510856480e-007	-1.057192e-001	4.300837e+000	-7.270754e-003
9.358457885856480e-007	-1.153121e-001	4.245126e+000	-6.115873e-003
9.426817260856479e-007	-1.176620e-001	4.204144e+000	-4.629392e-003
9.495176635856479e-007	-1.129025e-001	4.179678e+000	-2.910474e-003
9.563536010856480e-007	-1.015621e-001	4.172525e+000	-1.065886e-003
9.631895385856480e-007	-8.452647e-002	4.182491e+000	7.961832e-004
9.700254760856481e-007	-6.297866e-002	4.208439e+000	2.571892e-003
9.768614135856481e-007	-3.832153e-002	4.248395e+000	4.166939e-003
9.836973510856482e-007	-1.205982e-002	4.299395e+000	5.515998e-003
9.893552459524227e-007	9.841334e-003	4.348089e+000	6.393641e-003
9.948528963732169e-007	3.021753e-002	4.399253e+000	6.982028e-003
1.001688833873217e-006	5.322608e-002	4.464502e+000	7.362764e-003
1.008524771373217e-006	7.274327e-002	4.528248e+000	7.372539e-003
1.015360708873217e-006	8.772568e-002	4.587273e+000	7.007180e-003
1.022196646373217e-006	9.752464e-002	4.638567e+000	6.300821e-003
1.029032583873217e-006	1.018164e-001	4.679671e+000	5.304981e-003
1.035868521373217e-006	1.006026e-001	4.708790e+000	4.085241e-003
1.042704458873217e-006	9.419152e-002	4.724872e+000	2.717341e-003
1.049540396373217e-006	8.316417e-002	4.727637e+000	1.282819e-003
1.056376333873218e-006	6.832772e-002	4.717564e+000	-1.356085e-004
1.063212271373218e-006	5.066022e-002	4.695832e+000	-1.458745e-003
1.070048208873218e-006	3.125000e-002	4.664227e+000	-2.615432e-003
1.076884146373218e-006	1.118957e-002	4.625187e+000	-3.559265e-003
1.082502681175119e-006	-4.980222e-003	4.589040e+000	-4.129797e-003
1.088784252550843e-006	-2.182961e-002	4.546360e+000	-4.514724e-003
1.095620190050844e-006	-3.795847e-002	4.500012e+000	-4.648239e-003
1.102456127550844e-006	-5.105678e-002	4.456214e+000	-4.489217e-003
1.109292065050844e-006	-6.048080e-002	4.417373e+000	-4.053510e-003
1.116128002550844e-006	-6.584750e-002	4.385545e+000	-3.377837e-003
1.122963940050844e-006	-6.701143e-002	4.362315e+000	-2.510737e-003
1.129799877550844e-006	-6.406621e-002	4.348722e+000	-1.509197e-003
1.136635815050844e-006	-5.733265e-002	4.345226e+000	-4.350443e-004
1.143471752550844e-006	-4.733422e-002	4.351709e+000	6.486942e-004
1.150307690050844e-006	-3.476104e-002	4.367500e+000	1.681277e-003
1.157143627550844e-006	-2.042472e-002	4.391439e+000	2.607413e-003
1.163979565050844e-006	-5.207065e-003	4.421956e+000	3.379996e-003
1.170815502550844e-006	1.002141e-002	4.457141e+000	3.967150e-003
1.177057012104594e-006	2.316398e-002	4.491686e+000	4.311384e-003
1.183892949604594e-006	3.597742e-002	4.530132e+000	4.466190e-003
1.190728887104594e-006	4.656779e-002	4.567146e+000	4.398986e-003
1.197564824604594e-006	5.440359e-002	4.600838e+000	4.117177e-003
1.204400762104594e-006	5.915865e-002	4.629537e+000	3.644421e-003
1.211236699604594e-006	6.069458e-002	4.651918e+000	3.014079e-003
1.218072637104594e-006	5.905940e-002	4.667062e+000	2.267058e-003
1.224908574604594e-006	5.455256e-002	4.674736e+000	1.449358e-003
1.230862620851337e-006	4.846141e-002	4.674962e+000	7.157653e-004
1.237304215341627e-006	3.995756e-002	4.668541e+000	-5.922729e-005
1.244140152841627e-006	2.945448e-002	4.655371e+000	-8.192992e-004
1.250976090341627e-006	1.803073e-002	4.636668e+000	-1.477472e-003
1.257812027841627e-006	6.296380e-003	4.613780e+000	-2.008411e-003
1.263306740184279e-006	-2.902087e-003	4.593199e+000	-2.317237e-003
1.269525826312022e-006	-1.255086e-002	4.568738e+000	-2.520988e-003
1.276361763812022e-006	-2.181935e-002	4.542056e+000	-2.579898e-003
1.283197701312022e-006	-2.927283e-002	4.517000e+000	-2.469593e-003
1.290033638812022e-006	-3.454297e-002	4.494967e+000	-2.199535e-003
1.296869576312022e-006	-3.742080e-002	4.477147e+000	-1.791608e-003
1.303705513812022e-006	-3.783793e-002	4.464441e+000	-1.274501e-003
1.310541451312022e-006	-3.586579e-002	4.457435e+000	-6.817727e-004
1.317377388812022e-006	-3.170713e-002	4.456368e+000	-4.976026e-005
1.324213326312022e-006	-2.568026e-002	4.461142e+000	5.845621e-004
1.331049263812022e-006	-1.819712e-002	4.471335e+000	1.185646e-003
1.337885201312022e-006	-9.736508e-003	4.486240e+000	1.721254e-003
1.344721138812022e-006	-8.142854e-004	4.504916e+000	2.164087e-003
1.351557076312022e-006	8.047647e-003	4.526244e+000	2.493065e-003
1.358393013812023e-006	1.635152e-002	4.549004e+000	2.694237e-003
1.365228951312023e-006	2.365127e-002	4.571940e+000	2.761262e-003
1.372064888812023e-006	2.957586e-002	4.593838e+000	2.695471e-003
1.378900826312023e-006	3.384723e-002	4.613585e+000	2.505511e-003
1.385736763812023e-006	3.629193e-002	4.630233e+000	2.206599e-003
1.392572701312023e-006	3.684630e-002	4.643043e+000	1.819455e-003
1.399408638812023e-006	3.555506e-002	4.651520e+000	1.368953e-003
1.406244576312023e-006	3.263194e-002	4.655653e+000	8.823859e-004
1.411715965591926e-006	2.917959e-002	4.655569e+000	4.852353e-004
1.417924860334986e-006	2.423783e-002	4.651825e+000	4.827946e-005
1.424760797834986e-006	1.798835e-002	4.644120e+000	-3.939118e-004
1.431596735334986e-006	1.123531e-002	4.633245e+000	-7.744502e-004
1.438432672834986e-006	4.335567e-003	4.619946e+000	-1.077060e-003
1.444389224911358e-006	-1.486389e-003	4.607015e+000	-1.262511e-003
1.450828059803798e-006	-7.259788e-003	4.592421e+000	-1.371310e-003
1.457663997303798e-006	-1.253938e-002	4.577176e+000	-1.387394e-003
1.464499934803798e-006	-1.670091e-002	4.563041e+000	-1.304200e-003
1.471335872303798e-006	-1.954621e-002	4.550826e+000	-1.129018e-003
1.478171809803798e-006	-2.096794e-002	4.541204e+000	-8.754607e-004
1.485007747303798e-006	-2.094217e-002	4.534679e+000	-5.609712e-004
1.491843684803798e-006	-1.958601e-002	4.531385e+000	-2.061994e-004
1.497322485606883e-006	-1.754857e-002	4.531366e+000	9.417526e-005
1.503546378227690e-006	-1.430824e-002	4.534268e+000	4.360574e-004
1.510382315727690e-006	-9.954231e-003	4.540437e+000	7.931425e-004
1.517218253227690e-006	-5.018922e-003	4.549364e+000	1.113525e-003
1.524054190727690e-006	2.184969e-004	4.560582e+000	1.380507e-003
1.530890128227690e-006	5.451045e-003	4.573439e+000	1.581195e-003
1.537726065727690e-006	1.038406e-002	4.587216e+000	1.706880e-003
1.544562003227690e-006	1.475143e-002	4.601172e+000	1.753363e-003
1.551397940727690e-006	1.832954e-002	4.614583e+000	1.721009e-003
1.558233878227690e-006	2.094814e-002	4.626784e+000	1.614561e-003
1.565069815727690e-006	2.249776e-002	4.637201e+000	1.442712e-003
1.571905753227690e-006	2.293327e-002	4.645384e+000	1.217477e-003
1.578741690727690e-006	2.227375e-002	4.651024e+000	9.534042e-004
1.585577628227690e-006	2.059863e-002	4.653966e+000	6.666684e-004
1.592413565727690e-006	1.804584e-002	4.654233e+000	3.739553e-004
1.599024867863126e-006	1.489721e-002	4.652047e+000	1.009512e-004
1.605860805363126e-006	1.114398e-002	4.647542e+000	-1.558129e-004
1.612696742863126e-006	7.119360e-003	4.641192e+000	-3.738593e-004
1.619532680363126e-006	3.052587e-003	4.633464e+000	-5.423994e-004
1.626368617863126e-006	-8.343927e-004	4.624905e+000	-6.546955e-004
1.632894819137216e-006	-4.176416e-003	4.616479e+000	-7.044250e-004
1.639730756637216e-006	-7.115401e-003	4.607939e+000	-6.958699e-004
1.646566694137216e-006	-9.353221e-003	4.600204e+000	-6.296302e-004
1.653402631637216e-006	-1.078736e-002	4.593734e+000	-5.110976e-004
1.660238569137216e-006	-1.136935e-002	4.588902e+000	-3.490536e-004
1.667074506637216e-006	-1.110013e-002	4.585974e+000	-1.543645e-004
1.673910444137216e-006	-1.002828e-002	4.585097e+000	6.071191e-005
1.680746381637216e-006	-8.245460e-003	4.586299e+000	2.832677e-004
1.687582319137216e-006	-5.879772e-003	4.589492e+000	5.004901e-004
1.694418256637217e-006	-3.087144e-003	4.594476e+000	7.003707e-004
1.701254194137217e-006	-4.151684e-005	4.600963e+000	8.723403e-004
1.708090131637217e-006	3.075657e-003	4.608588e+000	1.007799e-003
1.714926069137217e-006	6.085944e-003	4.616938e+000	1.100515e-003
1.721762006637217e-006	8.823889e-003	4.625575e+000	1.146883e-003
1.728597944137217e-006	1.114584e-002	4.634062e+000	1.146020e-003
1.735433881637217e-006	1.293715e-002	4.641985e+000	1.099712e-003
1.742269819137217e-006	1.411752e-002	4.648981e+000	1.012215e-003
1.749105756637217e-006	1.464403e-002	4.654748e+000	8.899266e-004
1.755941694137217e-006	1.451213e-002	4.659068e+000	7.409477e-004
1.762777631637217e-006	1.375424e-002	4.661809e+000	5.745664e-004
1.769613569137217e-006	1.245130e-002	4.662990e+000	4.004568e-004
1.775486612658961e-006	1.095274e-002	4.662755e+000	2.519402e-004
1.781128040713099e-006	9.233421e-003	4.661425e+000	1.173320e-004
1.787963978213099e-006	6.925738e-003	4.658653e+000	-2.840019e-005
1.794799915713099e-006	4.510617e-003	4.654915e+000	-1.495041e-004
1.801635853213099e-006	2.113140e-003	4.650455e+000	-2.396028e-004
1.808471790713099e-006	-1.341825e-004	4.645603e+000	-2.949158e-004
1.815307728213099e-006	-2.112303e-003	4.640701e+000	-3.137614e-004
1.822143665713099e-006	-3.721742e-003	4.636078e+000	-2.965687e-004
1.828979603213099e-006	-4.887390e-003	4.632035e+000	-2.457712e-004
1.835815540713099e-006	-5.561774e-003	4.628831e+000	-1.655896e-004
1.842651478213099e-006	-5.726682e-003	4.626664e+000	-6.172483e-005
1.849487415713099e-006	-5.409210e-003	4.625623e+000	5.879611e-005
1.855320732888715e-006	-4.772342e-003	4.625701e+000	1.697506e-004
1.860866227906626e-006	-3.861905e-003	4.626696e+000	2.773967e-004
1.867702165406626e-006	-2.433219e-003	4.628999e+000	4.061254e-004
1.874538102906626e-006	-7.751535e-004	4.632279e+000	5.250683e-004
1.880384262048177e-006	7.691115e-004	4.635802e+000	6.141322e-004
1.885932279490006e-006	2.276960e-003	4.639675e+000	6.828451e-004
1.892768216990006e-006	4.093498e-003	4.644886e+000	7.445717e-004
1.899604154490007e-006	5.776652e-003	4.650320e+000	7.802673e-004
1.906440091990007e-006	7.237094e-003	4.655741e+000	7.878197e-004
1.913276029490007e-006	8.400978e-003	4.660899e+000	7.678226e-004
1.920111966990007e-006	9.213969e-003	4.665565e+000	7.223879e-004
1.926947904490007e-006	9.643525e-003	4.669549e+000	6.549702e-004
1.933783841990007e-006	9.679854e-003	4.672703e+000	5.701232e-004
1.940619779490007e-006	9.335562e-003	4.674932e+000	4.732041e-004
1.947455716990007e-006	8.644058e-003	4.676200e+000	3.700432e-004
1.954291654490007e-006	7.656869e-003	4.676520e+000	2.665987e-004
1.961127591990007e-006	6.440041e-003	4.675961e+000	1.686188e-004
1.967963529490007e-006	5.069895e-003	4.674638e+000	8.132580e-005
1.974799466990007e-006	3.628364e-003	4.672703e+000	9.143336e-006
1.981635404490007e-006	2.198213e-003	4.670338e+000	-4.452178e-005
1.988471341990007e-006	8.531685e-004	4.667739e+000	-7.803222e-005
1.994560004025883e-006	-2.099939e-004	4.665389e+000	-8.927091e-005
2.001044162853414e-006	-1.145282e-003	4.663024e+000	-8.158243e-005
2.007880100353414e-006	-1.879971e-003	4.660849e+000	-5.404134e-005
2.014716037853414e-006	-2.328026e-003	4.659150e+000	-8.822204e-006
2.021551975353414e-006	-2.472923e-003	4.658053e+000	5.106689e-005
2.028387912853414e-006	-2.318710e-003	4.657647e+000	1.216507e-004
2.035223850353414e-006	-1.886028e-003	4.657974e+000	1.985097e-004
2.042059787853414e-006	-1.210332e-003	4.659037e+000	2.770445e-004
2.048895725353414e-006	-3.393421e-004	4.660794e+000	3.527398e-004
2.055731662853414e-006	6.691111e-004	4.663160e+000	4.216712e-004
2.061990620980821e-006	1.662389e-003	4.665785e+000	4.753185e-004
2.068826558480821e-006	2.761967e-003	4.669026e+000	5.207672e-004
2.075662495980821e-006	3.814862e-003	4.672495e+000	5.510416e-004
2.082498433480821e-006	4.764267e-003	4.676045e+000	5.647278e-004
2.089334370980821e-006	5.560424e-003	4.679522e+000	5.616413e-004
2.096170308480821e-006	6.164091e-003	4.682777e+000	5.425439e-004
2.103006245980822e-006	6.548335e-003	4.685686e+000	5.090649e-004
2.109842183480822e-006	6.699562e-003	4.688144e+000	4.635767e-004
2.116678120980822e-006	6.617760e-003	4.690076e+000	4.090349e-004
2.123514058480822e-006	6.315965e-003	4.691442e+000	3.487901e-004
2.130349995980822e-006	5.819030e-003	4.692230e+000	2.863854e-004
2.137185933480822e-006	5.161768e-003	4.692465e+000	2.253506e-004
2.144021870980822e-006	4.386716e-003	4.692201e+000	1.689866e-004
2.150803643072790e-006	3.547885e-003	4.691523e+000	1.206057e-004
2.157639580572790e-006	2.681216e-003	4.690518e+000	8.181892e-005
2.164475518072790e-006	1.842139e-003	4.689305e+000	5.475154e-005
2.171311455572790e-006	1.075986e-003	4.688005e+000	4.044076e-005
2.178147393072790e-006	4.223734e-004	4.686738e+000	3.915211e-005
2.184983330572790e-006	-9.059712e-005	4.685612e+000	5.018422e-005
2.191241005153088e-006	-4.109557e-004	4.684802e+000	7.053938e-005
2.198076942653088e-006	-5.856767e-004	4.684238e+000	1.023206e-004
2.204912880153089e-006	-5.828309e-004	4.684059e+000	1.414875e-004
2.211748817653089e-006	-4.062574e-004	4.684308e+000	1.857346e-004
2.218584755153089e-006	-7.294750e-005	4.685000e+000	2.323427e-004
2.225420692653089e-006	3.919725e-004	4.686122e+000	2.785648e-004
2.232256630153089e-006	9.569580e-004	4.687639e+000	3.217813e-004
2.239092567653089e-006	1.586059e-003	4.689494e+000	3.596412e-004
2.245928505153089e-006	2.241105e-003	4.691613e+000	3.901835e-004
2.252764442653089e-006	2.883930e-003	4.693912e+000	4.119322e-004
2.259600380153089e-006	3.478519e-003	4.696297e+000	4.239599e-004
2.266436317653089e-006	3.992940e-003	4.698674e+000	4.259191e-004
2.273272255153089e-006	4.400984e-003	4.700954e+000	4.180398e-004
2.280108192653089e-006	4.683413e-003	4.703054e+000	4.010943e-004
2.286944130153089e-006	4.828768e-003	4.704907e+000	3.763337e-004
2.293780067653089e-006	4.833716e-003	4.706461e+000	3.453998e-004
2.300616005153089e-006	4.702918e-003	4.707682e+000	3.102183e-004
2.307451942653089e-006	4.448466e-003	4.708556e+000	2.728801e-004
2.314287880153089e-006	4.088912e-003	4.709089e+000	2.355177e-004
2.321123817653090e-006	3.649890e-003	4.709319e+000	1.999762e-004
2.326729586806313e-006	3.246300e-003	4.709294e+000	1.736884e-004
2.332964630281405e-006	2.772738e-003	4.709071e+000	1.489416e-004
2.339800567781405e-006	2.253700e-003	4.708673e+000	1.278959e-004
2.346636505281405e-006	1.760950e-003	4.708177e+000	1.140115e-004
2.353472442781405e-006	1.320327e-003	4.707653e+000	1.078775e-004
2.360308380281405e-006	9.541181e-004	4.707171e+000	1.095017e-004
2.367144317781405e-006	6.795963e-004	4.706799e+000	1.184568e-004
2.373980255281405e-006	5.039099e-004	4.706584e+000	1.337306e-004
2.379736077103868e-006	4.404899e-004	4.706566e+000	1.508839e-004
2.385576985147692e-006	4.617346e-004	4.706739e+000	1.715948e-004
2.392412922647693e-006	5.814104e-004	4.707182e+000	1.983093e-004
2.399248860147693e-006	7.895317e-004	4.707881e+000	2.261100e-004
2.406084797647693e-006	1.074419e-003	4.708837e+000	2.534828e-004
2.412920735147693e-006	1.416787e-003	4.710025e+000	2.788710e-004
2.419756672647693e-006	1.794863e-003	4.711410e+000	3.008890e-004
2.426592610147693e-006	2.185703e-003	4.712948e+000	3.183926e-004
2.433428547647693e-006	2.566521e-003	4.714586e+000	3.305344e-004
2.440264485147693e-006	2.915966e-003	4.716269e+000	3.367997e-004
2.447100422647693e-006	3.215258e-003	4.717940e+000	3.370229e-004
2.453936360147693e-006	3.449152e-003	4.719545e+000	3.313832e-004
2.460772297647693e-006	3.606650e-003	4.721037e+000	3.203822e-004
2.467608235147693e-006	3.681459e-003	4.722375e+000	3.048028e-004
2.474444172647693e-006	3.672164e-003	4.723530e+000	2.856552e-004
2.481280110147693e-006	3.582118e-003	4.724482e+000	2.641116e-004
2.488116047647693e-006	3.419076e-003	4.725225e+000	2.414342e-004
2.494951985147693e-006	3.194587e-003	4.725765e+000	2.189014e-004
2.501787922647693e-006	2.923207e-003	4.726117e+000	1.977350e-004
2.508623860147694e-006	2.621567e-003	4.726307e+000	1.790341e-004
2.515459797647694e-006	2.307361e-003	4.726371e+000	1.637181e-004
2.522295735147694e-006	1.997619e-003	4.726346e+000	1.523704e-004
2.528479011748971e-006	1.736354e-003	4.726284e+000	1.460925e-004
2.535314949248971e-006	1.482722e-003	4.726211e+000	1.437331e-004
2.542150886748971e-006	1.276471e-003	4.726176e+000	1.458729e-004
2.548986824248971e-006	1.127684e-003	4.726217e+000	1.522938e-004
2.555822761748971e-006	1.042174e-003	4.726367e+000	1.624385e-004
2.562658699248971e-006	1.021987e-003	4.726650e+000	1.755627e-004
2.569494636748971e-006	1.065433e-003	4.727085e+000	1.907831e-004
2.576330574248971e-006	1.167319e-003	4.727678e+000	2.071329e-004
2.583166511748971e-006	1.319376e-003	4.728427e+000	2.236188e-004
2.590002449248971e-006	1.510835e-003	4.729322e+000	2.392779e-004
2.596838386748971e-006	1.729129e-003	4.730345e+000	2.532300e-004
2.603674324248971e-006	1.960662e-003	4.731471e+000	2.647246e-004
2.610510261748971e-006	2.191616e-003	4.732669e+000	2.731771e-004
2.617346199248971e-006	2.408728e-003	4.733908e+000	2.781961e-004
2.624182136748971e-006	2.600021e-003	4.735152e+000	2.795975e-004
2.631018074248971e-006	2.755417e-003	4.736369e+000	2.774072e-004
2.637854011748971e-006	2.867241e-003	4.737528e+000	2.718515e-004
2.644689949248972e-006	2.930551e-003	4.738603e+000	2.633373e-004
2.651525886748972e-006	2.943316e-003	4.739574e+000	2.524219e-004
2.658361824248972e-006	2.906418e-003	4.740426e+000	2.397765e-004
2.665197761748972e-006	2.823490e-003	4.741152e+000	2.261440e-004
2.672033699248972e-006	2.700612e-003	4.741754e+000	2.122949e-004
2.678869636748972e-006	2.545874e-003	4.742237e+000	1.989827e-004
2.685705574248972e-006	2.368844e-003	4.742615e+000	1.869027e-004
2.692541511748972e-006	2.179982e-003	4.742908e+000	1.766547e-004
2.699377449248972e-006	1.990016e-003	4.743137e+000	1.687134e-004
2.706213386748972e-006	1.809329e-003	4.743329e+000	1.634061e-004
2.713049324248972e-006	1.647395e-003	4.743508e+000	1.609004e-004
2.719885261748972e-006	1.512279e-003	4.743702e+000	1.612005e-004
2.726721199248972e-006	1.410238e-003	4.743935e+000	1.641529e-004
2.733557136748972e-006	1.345442e-003	4.744227e+000	1.694618e-004
2.740393074248972e-006	1.319814e-003	4.744596e+000	1.767102e-004
2.747229011748972e-006	1.333010e-003	4.745051e+000	1.853885e-004
2.754064949248973e-006	1.382525e-003	4.745601e+000	1.949262e-004
2.760900886748973e-006	1.463911e-003	4.746246e+000	2.047264e-004
2.767736824248973e-006	1.571103e-003	4.746981e+000	2.142001e-004
2.774572761748973e-006	1.696820e-003	4.747796e+000	2.227992e-004
2.781408699248973e-006	1.833018e-003	4.748677e+000	2.300455e-004
2.788244636748973e-006	1.971370e-003	4.749607e+000	2.355546e-004
2.795080574248973e-006	2.103746e-003	4.750567e+000	2.390545e-004
2.801916511748973e-006	2.222658e-003	4.751536e+000	2.403962e-004
2.808752449248973e-006	2.321661e-003	4.752494e+000	2.395575e-004
2.815588386748973e-006	2.395669e-003	4.753423e+000	2.366394e-004
2.822424324248973e-006	2.441195e-003	4.754304e+000	2.318559e-004
2.829260261748973e-006	2.456481e-003	4.755126e+000	2.255177e-004
2.836096199248973e-006	2.441533e-003	4.755877e+000	2.180113e-004
2.842932136748973e-006	2.398055e-003	4.756554e+000	2.097739e-004
2.849768074248973e-006	2.329288e-003	4.757154e+000	2.012679e-004
2.856604011748973e-006	2.239769e-003	4.757680e+000	1.929529e-004
2.863439949248973e-006	2.135030e-003	4.758140e+000	1.852610e-004
2.870275886748974e-006	2.021249e-003	4.758544e+000	1.785730e-004
2.877111824248974e-006	1.904878e-003	4.758905e+000	1.731991e-004
2.883947761748974e-006	1.792273e-003	4.759238e+000	1.693644e-004
2.890783699248974e-006	1.689338e-003	4.759559e+000	1.671990e-004
2.897619636748974e-006	1.601217e-003	4.759884e+000	1.667349e-004
2.904455574248974e-006	1.532027e-003	4.760227e+000	1.679072e-004
2.911291511748974e-006	1.484671e-003	4.760602e+000	1.705621e-004
2.918127449248974e-006	1.460718e-003	4.761020e+000	1.744683e-004
2.924963386748974e-006	1.460366e-003	4.761488e+000	1.793332e-004
2.931799324248974e-006	1.482485e-003	4.762012e+000	1.848218e-004
2.938635261748974e-006	1.524725e-003	4.762593e+000	1.905765e-004
2.945471199248974e-006	1.583700e-003	4.763229e+000	1.962386e-004
2.952307136748974e-006	1.655212e-003	4.763915e+000	2.014683e-004
2.959143074248974e-006	1.734520e-003	4.764643e+000	2.059628e-004
2.965979011748974e-006	1.816625e-003	4.765404e+000	2.094722e-004
2.972814949248974e-006	1.896561e-003	4.766186e+000	2.118114e-004
2.979650886748974e-006	1.969672e-003	4.766976e+000	2.128679e-004
2.986486824248975e-006	2.031863e-003	4.767764e+000	2.126058e-004
2.994164062500000e-006	2.088764e-003	4.768636e+000	2.110722e-004
2.995063598145201e-006	2.093664e-003	4.768736e+000	2.107514e-004
2.995963133790402e-006	2.098261e-003	4.768835e+000	2.104123e-004
2.996862669435603e-006	2.102555e-003	4.768934e+000	2.100548e-004
2.997762205080804e-006	2.106545e-003	4.769032e+000	2.096789e-004
2.998661740726005e-006	2.110233e-003	4.769130e+000	2.092846e-004
2.999561276371206e-006	2.113617e-003	4.769227e+000	2.088720e-004
3.000460812016408e-006	2.116698e-003	4.769323e+000	2.084409e-004
3.001000000000000e-006	2.118389e-003	4.769381e+000	2.081742e-004
3.001000833258221e-006	2.118391e-003	4.769381e+000	2.081737e-004
3.001002499774662e-006	2.118407e-003	4.769381e+000	2.081729e-004
3.001005832807544e-006	2.118496e-003	4.769382e+000	2.081712e-004
3.001010596673885e-006	2.118882e-003	4.769382e+000	2.081688e-004
3.001020124406566e-006	2.120944e-003	4.769383e+000	2.081640e-004
3.001032914971642e-006	2.127217e-003	4.769384e+000	2.081576e-004
3.001047266052048e-006	2.140238e-003	4.769386e+000	2.081504e-004
3.001058345664351e-006	2.156577e-003	4.769387e+000	2.081448e-004
3.001070459046205e-006	2.182831e-003	4.769389e+000	2.081387e-004
3.001083261143380e-006	2.223053e-003	4.769390e+000	2.081322e-004
3.001105262664368e-006	2.324211e-003	4.769393e+000	2.081211e-004
3.001132776388984e-006	2.516607e-003	4.769398e+000	2.081072e-004
3.001174775193801e-006	2.974159e-003	4.769409e+000	2.080859e-004
3.001231634518511e-006	3.971141e-003	4.769433e+000	2.080570e-004
3.001327700415887e-006	6.612204e-003	4.769511e+000	2.080080e-004
3.001445011842651e-006	1.135332e-002	4.769683e+000	2.079477e-004
3.001576197884174e-006	1.867407e-002	4.770016e+000	2.078790e-004
3.001738265393424e-006	2.979615e-002	4.770607e+000	2.077923e-004
3.001781010926983e-006	3.318346e-002	4.770813e+000	2.077688e-004
3.001866501994101e-006	4.077706e-002	4.771329e+000	2.077198e-004
3.002000000000000e-006	5.335403e-002	4.772241e+000	2.076407e-004
3.002040049401770e-006	5.746350e-002	4.772573e+000	2.076152e-004
3.002093448604130e-006	6.296174e-002	4.773049e+000	2.075799e-004
3.002200247008849e-006	7.361659e-002	4.774103e+000	2.075024e-004
3.002413843818287e-006	9.338286e-002	4.776435e+000	2.073236e-004
3.002620019378111e-006	1.104220e-001	4.778857e+000	2.071095e-004
3.002883093109332e-006	1.298740e-001	4.782061e+000	2.067540e-004
3.003163857545029e-006	1.494022e-001	4.785487e+000	2.062476e-004
3.003495562295935e-006	1.719842e-001	4.789494e+000	2.054171e-004
3.003958492061810e-006	2.032713e-001	4.795008e+000	2.036343e-004
3.004884351593560e-006	2.650184e-001	4.805867e+000	1.979297e-004
3.005981368123764e-006	3.361829e-001	4.818412e+000	1.858849e-004
3.008175401184172e-006	4.723375e-001	4.842428e+000	1.421271e-004
3.011370451671024e-006	6.587276e-001	4.874278e+000	3.595114e-005
3.014867023111777e-006	8.477687e-001	4.901643e+000	-1.305444e-004
3.016598249893714e-006	9.303471e-001	4.902144e+000	-2.345116e-004
3.018413553762739e-006	9.999027e-001	4.874135e+000	-3.555678e-004
3.019905809000715e-006	1.039323e+000	4.817037e+000	-4.503181e-004
3.021494755132926e-006	1.062035e+000	4.718768e+000	-5.248517e-004
3.023453153381298e-006	1.073584e+000	4.567033e+000	-5.484591e-004
3.025477354062541e-006	1.076705e+000	4.396865e+000	-4.460486e-004
3.028178279993469e-006	1.076476e+000	4.171053e+000	1.530058e-005
3.033580131855327e-006	1.074785e+000	3.745560e+000	1.920456e-003
3.039985389859046e-006	1.073997e+000	3.287062e+000	5.661499e-003
3.046821327359046e-006	1.075050e+000	2.855559e+000	1.136023e-002
3.053657264859046e-006	1.077845e+000	2.481478e+000	1.855099e-002
3.060493202359046e-006	1.082002e+000	2.160221e+000	2.690626e-002
3.067329139859046e-006	1.087077e+000	1.885004e+000	3.610430e-002
3.074165077359046e-006	1.092644e+000	1.648475e+000	4.591238e-002
3.081001014859046e-006	1.098338e+000	1.443353e+000	5.628227e-002
3.087836952359046e-006	1.103872e+000	1.262962e+000	6.753221e-002
3.094672889859046e-006	1.109057e+000	1.101607e+000	8.046465e-002
3.101508827359047e-006	1.113807e+000	9.547262e-001	9.585340e-002
3.108344764859047e-006	1.118133e+000	8.188609e-001	1.132373e-001
3.115180702359047e-006	1.122119e+000	6.914735e-001	1.306405e-001
3.122016639859047e-006	1.125873e+000	5.707107e-001	1.461562e-001
3.128852577359047e-006	1.129484e+000	4.551862e-001	1.593349e-001
3.135688514859047e-006	1.133006e+000	3.438327e-001	1.707947e-001
3.142524452359047e-006	1.136489e+000	2.358451e-001	1.812679e-001
3.149360389859047e-006	1.143078e+000	1.341339e-001	1.912599e-001
3.152640747131572e-006	1.153935e+000	9.564817e-002	1.959466e-001
3.155647500766422e-006	1.173783e+000	7.320592e-002	2.001865e-001
3.158108465748840e-006	1.195083e+000	6.158670e-002	2.036205e-001
3.160877647260329e-006	1.221775e+000	5.256219e-002	2.074317e-001
3.164369678468706e-006	1.257259e+000	4.446339e-002	2.121460e-001
3.168789519838717e-006	1.303381e+000	3.723880e-002	2.179574e-001
3.173435575740722e-006	1.352188e+000	3.196353e-002	2.238487e-001
3.179334074981100e-006	1.413614e+000	2.735508e-002	2.309877e-001
3.185831590146120e-006	1.479886e+000	2.380324e-002	2.384250e-001
3.192667527646120e-006	1.547611e+000	2.115144e-002	2.457647e-001
3.199503465146120e-006	1.613073e+000	1.920293e-002	2.526191e-001
3.206339402646120e-006	1.676190e+000	1.771898e-002	2.590071e-001
3.213175340146120e-006	1.736982e+000	1.655095e-002	2.649570e-001
3.220011277646120e-006	1.795501e+000	1.560719e-002	2.704975e-001
3.226847215146120e-006	1.851816e+000	1.482816e-002	2.756566e-001
3.233683152646121e-006	1.906004e+000	1.417369e-002	2.804608e-001
3.240519090146121e-006	1.958143e+000	1.361565e-002	2.849348e-001
3.247355027646121e-006	2.008310e+000	1.313385e-002	2.891018e-001
3.254190965146121e-006	2.056581e+000	1.271335e-002	2.929834e-001
3.261026902646121e-006	2.103030e+000	1.234295e-002	2.965995e-001
3.267862840146121e-006	2.147727e+000	1.201399e-002	2.999686e-001
3.274698777646121e-006	2.190740e+000	1.171976e-002	3.031079e-001
3.281534715146121e-006	2.232134e+000	1.145491e-002	3.060333e-001
3.288370652646121e-006	2.271971e+000	1.121517e-002	3.087597e-001
3.295206590146121e-006	2.310313e+000	1.099706e-002	3.113009e-001
3.302042527646121e-006	2.347216e+000	1.079774e-002	3.136695e-001
3.308878465146121e-006	2.382735e+000	1.061484e-002	3.158776e-001
3.315714402646121e-006	2.416924e+000	1.044640e-002	3.179359e-001
3.322550340146121e-006	2.449832e+000	1.029076e-002	3.198550e-001
3.329386277646121e-006	2.481509e+000	1.014650e-002	3.216442e-001
3.336222215146121e-006	2.512002e+000	1.001243e-002	3.233126e-001
3.343058152646121e-006	2.541354e+000	9.887522e-003	3.248681e-001
3.349894090146122e-006	2.569610e+000	9.770868e-003	3.263188e-001
3.356730027646122e-006	2.596811e+000	9.661701e-003	3.276715e-001
3.363565965146122e-006	2.622996e+000	9.559338e-003	3.289331e-001
3.377237840146122e-006	2.672471e+000	9.372719e-003	3.312070e-001
3.390909715146122e-006	2.718323e+000	9.207031e-003	3.331851e-001
3.404581590146122e-006	2.760820e+000	9.059126e-003	3.349062e-001
3.418253465146122e-006	2.800208e+000	8.926485e-003	3.364038e-001
3.431925340146122e-006	2.836715e+000	8.807056e-003	3.377071e-001
3.445597215146122e-006	2.870553e+000	8.699148e-003	3.388415e-001
3.459269090146123e-006	2.901918e+000	8.601360e-003	3.398290e-001
3.472940965146123e-006	2.930990e+000	8.512510e-003	3.406886e-001
3.486612840146123e-006	2.957938e+000	8.431598e-003	3.414371e-001
3.500284715146123e-006	2.982917e+000	8.357765e-003	3.420889e-001
3.513956590146123e-006	3.006071e+000	8.290277e-003	3.426565e-001
3.527628465146123e-006	3.027533e+000	8.228491e-003	3.431509e-001
3.541300340146123e-006	3.047428e+000	8.171849e-003	3.435816e-001
3.554972215146123e-006	3.065870e+000	8.119861e-003	3.439568e-001
3.568644090146123e-006	3.082964e+000	8.072093e-003	3.442837e-001
3.582315965146124e-006	3.098810e+000	8.028161e-003	3.445686e-001
3.595987840146124e-006	3.113499e+000	7.987723e-003	3.448169e-001
3.609659715146124e-006	3.127116e+000	7.950475e-003	3.450333e-001
3.623331590146124e-006	3.139738e+000	7.916139e-003	3.452220e-001
3.637003465146124e-006	3.151438e+000	7.884473e-003	3.453865e-001
3.650675340146124e-006	3.162284e+000	7.855251e-003	3.455300e-001
3.664347215146124e-006	3.172338e+000	7.828271e-003	3.456552e-001
3.678019090146124e-006	3.181658e+000	7.803353e-003	3.457644e-001
3.691690965146125e-006	3.190298e+000	7.780328e-003	3.458596e-001
3.705362840146125e-006	3.198306e+000	7.759048e-003	3.459428e-001
3.719034715146125e-006	3.205730e+000	7.739372e-003	3.460155e-001
3.732706590146125e-006	3.212612e+000	7.721175e-003	3.460788e-001
3.746378465146125e-006	3.218992e+000	7.704342e-003	3.461342e-001
3.760050340146125e-006	3.224905e+000	7.688767e-003	3.461826e-001
3.773722215146125e-006	3.230387e+000	7.674353e-003	3.462249e-001
3.787394090146125e-006	3.235469e+000	7.661012e-003	3.462619e-001
3.801065965146126e-006	3.240180e+000	7.648661e-003	3.462942e-001
3.814737840146125e-006	3.244547e+000	7.637226e-003	3.463225e-001
3.828409715146125e-006	3.248595e+000	7.626635e-003	3.463472e-001
3.842081590146125e-006	3.252347e+000	7.616829e-003	3.463689e-001
3.855753465146126e-006	3.255826e+000	7.607745e-003	3.463878e-001
3.869425340146126e-006	3.259051e+000	7.599331e-003	3.464045e-001
3.883097215146126e-006	3.262040e+000	7.591536e-003	3.464190e-001
3.896769090146126e-006	3.264811e+000	7.584314e-003	3.464318e-001
3.910440965146126e-006	3.267380e+000	7.577623e-003	3.464430e-001
3.924112840146126e-006	3.269761e+000	7.571423e-003	3.464528e-001
3.937784715146126e-006	3.271968e+000	7.565678e-003	3.464615e-001
3.951456590146126e-006	3.274014e+000	7.560355e-003	3.464691e-001
3.965128465146127e-006	3.275911e+000	7.555421e-003	3.464758e-001
3.978800340146127e-006	3.277670e+000	7.550849e-003	3.464816e-001
3.985636277646127e-006	3.278500e+000	7.548690e-003	3.464843e-001
3.992472215146127e-006	3.279307e+000	7.546598e-003	3.464868e-001
3.994547757207746e-006	3.279543e+000	7.545977e-003	3.464876e-001
3.997315146623238e-006	3.279855e+000	7.545167e-003	3.464885e-001
3.998315146623238e-006	3.279967e+000	7.544879e-003	3.464888e-001
3.999000000000000e-006	3.280043e+000	7.544682e-003	3.464891e-001
4.000000000000000e-006	3.280153e+000	7.544422e-003	3.464894e-001
4.000001274705221e-006	3.280153e+000	7.544421e-003	3.464894e-001
4.000003824115664e-006	3.280154e+000	7.544418e-003	3.464894e-001
4.000008922936550e-006	3.280154e+000	7.544412e-003	3.464894e-001
4.000019120578322e-006	3.280152e+000	7.544397e-003	3.464894e-001
4.000039515861865e-006	3.280139e+000	7.544335e-003	3.464894e-001
4.000068081959694e-006	3.280090e+000	7.544110e-003	3.464894e-001
4.000099638125272e-006	3.279982e+000	7.543566e-003	3.464894e-001
4.000130349794915e-006	3.279807e+000	7.542608e-003	3.464894e-001
4.000158058573122e-006	3.279568e+000	7.541210e-003	3.464895e-001
4.000195043005497e-006	3.279098e+000	7.538272e-003	3.464895e-001
4.000260104961807e-006	3.277830e+000	7.529894e-003	3.464895e-001
4.000381036499440e-006	3.274254e+000	7.505426e-003	3.464895e-001
4.000548236117818e-006	3.267276e+000	7.457290e-003	3.464896e-001
4.000738656255446e-006	3.257415e+000	7.389692e-003	3.464896e-001
4.000787429550350e-006	3.254540e+000	7.370355e-003	3.464897e-001
4.000884976140159e-006	3.248327e+000	7.329599e-003	3.464897e-001
4.001000000000000e-006	3.240775e+000	7.280969e-003	3.464897e-001
4.001034507157952e-006	3.238439e+000	7.266360e-003	3.464897e-001
4.001080516701888e-006	3.235406e+000	7.247631e-003	3.464898e-001
4.001172535789760e-006	3.229889e+000	7.215107e-003	3.464898e-001
4.001356573965504e-006	3.220854e+000	7.168433e-003	3.464898e-001
4.001570141262457e-006	3.213215e+000	7.140954e-003	3.464899e-001
4.001802555557714e-006	3.207551e+000	7.136256e-003	3.464900e-001
4.002071454755562e-006	3.202587e+000	7.146204e-003	3.464901e-001
4.002384182512974e-006	3.197285e+000	7.162443e-003	3.464902e-001
4.002801440969476e-006	3.190083e+000	7.182914e-003	3.464904e-001
4.003589577514699e-006	3.176220e+000	7.218828e-003	3.464907e-001
4.004652507560139e-006	3.157568e+000	7.267190e-003	3.464912e-001
4.006411369941223e-006	3.127032e+000	7.349010e-003	3.464920e-001
4.009929094703389e-006	3.067050e+000	7.518605e-003	3.464935e-001
4.016765032203389e-006	2.953487e+000	7.865928e-003	3.464954e-001
4.023600969703389e-006	2.843624e+000	8.237636e-003	3.464959e-001
4.030436907203389e-006	2.737840e+000	8.639758e-003	3.464941e-001
4.037272844703389e-006	2.635980e+000	9.075900e-003	3.464900e-001
4.044108782203389e-006	2.537897e+000	9.550259e-003	3.464832e-001
4.050944719703389e-006	2.443447e+000	1.006775e-002	3.464738e-001
4.057780657203390e-006	2.352495e+000	1.063419e-002	3.464615e-001
4.064616594703390e-006	2.264910e+000	1.125645e-002	3.464463e-001
4.071452532203390e-006	2.180565e+000	1.194281e-002	3.464279e-001
4.078288469703390e-006	2.099343e+000	1.270321e-002	3.464063e-001
4.085124407203390e-006	2.021131e+000	1.354980e-002	3.463809e-001
4.091960344703390e-006	1.945821e+000	1.449751e-002	3.463518e-001
4.098796282203390e-006	1.873315e+000	1.556491e-002	3.463183e-001
4.105632219703390e-006	1.803521e+000	1.677536e-002	3.462800e-001
4.112468157203390e-006	1.736356e+000	1.815864e-002	3.462364e-001
4.119304094703390e-006	1.671749e+000	1.975318e-002	3.461866e-001
4.126140032203390e-006	1.609638e+000	2.160936e-002	3.461298e-001
4.132975969703390e-006	1.549981e+000	2.379416e-002	3.460648e-001
4.139811907203390e-006	1.492755e+000	2.639816e-002	3.459899e-001
4.146647844703390e-006	1.437965e+000	2.954579e-002	3.459034e-001
4.153483782203390e-006	1.385657e+000	3.341109e-002	3.458025e-001
4.160319719703390e-006	1.335934e+000	3.824198e-002	3.456837e-001
4.167155657203391e-006	1.288987e+000	4.439939e-002	3.455423e-001
4.173991594703391e-006	1.245140e+000	5.242366e-002	3.453717e-001
4.180827532203391e-006	1.204949e+000	6.315732e-002	3.451623e-001
4.187663469703391e-006	1.169390e+000	7.799859e-002	3.449001e-001
4.194499407203391e-006	1.140308e+000	9.948287e-002	3.445635e-001
4.201335344703391e-006	1.121082e+000	1.321691e-001	3.441173e-001
4.208171282203391e-006	1.113028e+000	1.782547e-001	3.435081e-001
4.215007219703391e-006	1.111408e+000	2.324956e-001	3.426740e-001
4.221843157203391e-006	1.110969e+000	2.887506e-001	3.415680e-001
4.228679094703391e-006	1.110421e+000	3.455526e-001	3.401698e-001
4.235515032203391e-006	1.109790e+000	4.030091e-001	3.384796e-001
4.242350969703391e-006	1.109061e+000	4.611965e-001	3.365062e-001
4.249186907203391e-006	1.108249e+000	5.202352e-001	3.342615e-001
4.256022844703391e-006	1.107346e+000	5.802359e-001	3.317572e-001
4.262858782203391e-006	1.106358e+000	6.413435e-001	3.290041e-001
4.269694719703391e-006	1.105281e+000	7.037085e-001	3.260120e-001
4.276530657203391e-006	1.104116e+000	7.675139e-001	3.227889e-001
4.283366594703392e-006	1.102859e+000	8.329603e-001	3.193412e-001
4.290202532203392e-006	1.101508e+000	9.002837e-001	3.156736e-001
4.297038469703392e-006	1.100058e+000	9.697495e-001	3.117890e-001
4.303874407203392e-006	1.098504e+000	1.041665e+000	3.076886e-001
4.310710344703392e-006	1.096838e+000	1.116377e+000	3.033714e-001
4.317546282203392e-006	1.095052e+000	1.194282e+000	2.988342e-001
4.324382219703392e-006	1.093136e+000	1.275824e+000	2.940718e-001
4.331218157203392e-006	1.091076e+000	1.361496e+000	2.890763e-001
4.338054094703392e-006	1.088859e+000	1.451838e+000	2.838374e-001
4.344890032203392e-006	1.086469e+000	1.547431e+000	2.783418e-001
4.351725969703392e-006	1.083887e+000	1.648884e+000	2.725737e-001
4.358561907203392e-006	1.081091e+000	1.756825e+000	2.665142e-001
4.365397844703392e-006	1.078059e+000	1.871882e+000	2.601419e-001
4.372233782203392e-006	1.074763e+000	1.994664e+000	2.534326e-001
4.379069719703392e-006	1.071171e+000	2.125737e+000	2.463599e-001
4.385905657203392e-006	1.067250e+000	2.265605e+000	2.388955e-001
4.392741594703393e-006	1.062956e+000	2.414688e+000	2.310097e-001
4.399577532203393e-006	1.058242e+000	2.573297e+000	2.226723e-001
4.406413469703393e-006	1.053048e+000	2.741618e+000	2.138532e-001
4.413249407203393e-006	1.047304e+000	2.919684e+000	2.045236e-001
4.420085344703393e-006	1.040921e+000	3.107360e+000	1.946569e-001
4.426921282203393e-006	1.033789e+000	3.304312e+000	1.842297e-001
4.433757219703393e-006	1.025763e+000	3.509974e+000	1.732239e-001
4.440593157203393e-006	1.016652e+000	3.723505e+000	1.616277e-001
4.447429094703393e-006	1.006194e+000	3.943710e+000	1.494375e-001
4.454265032203393e-006	9.940148e-001	4.168921e+000	1.366609e-001
4.461100969703393e-006	9.795662e-001	4.396791e+000	1.233193e-001
4.467936907203393e-006	9.620022e-001	4.623935e+000	1.094528e-001
4.474772844703393e-006	9.399712e-001	4.845278e+000	9.512648e-002
4.481608782203393e-006	9.112799e-001	5.053009e+000	8.044032e-002
4.488444719703393e-006	8.725278e-001	5.235290e+000	6.554389e-002
4.495280657203393e-006	8.192455e-001	5.376084e+000	5.065479e-002
4.502116594703393e-006	7.473130e-001	5.458340e+000	3.607414e-002
4.508952532203394e-006	6.552646e-001	5.470148e+000	2.218469e-002
4.515788469703394e-006	5.454742e-001	5.409122e+000	9.419706e-003
4.522624407203394e-006	4.231815e-001	5.281633e+000	-1.793460e-003
4.529460344703394e-006	2.947091e-001	5.099346e+000	-1.109533e-002
4.536296282203394e-006	1.663358e-001	4.876523e+000	-1.824170e-002
4.543132219703394e-006	4.388465e-002	4.628628e+000	-2.312618e-002
4.549968157203394e-006	-6.742898e-002	4.371436e+000	-2.577761e-002
4.556804094703394e-006	-1.631064e-001	4.120231e+000	-2.633918e-002
4.563640032203394e-006	-2.394795e-001	3.889075e+000	-2.503942e-002
4.570475969703394e-006	-2.938330e-001	3.690150e+000	-2.216460e-002
4.577311907203394e-006	-3.245285e-001	3.533227e+000	-1.803701e-002
4.584147844703394e-006	-3.311130e-001	3.425282e+000	-1.299871e-002
4.590983782203394e-006	-3.143897e-001	3.370286e+000	-7.398445e-003
4.597819719703394e-006	-2.768019e-001	3.367980e+000	-1.573851e-003
4.604021384516257e-006	-2.266178e-001	3.411963e+000	3.623057e-003
4.610857322016257e-006	-1.575797e-001	3.506809e+000	8.967512e-003
4.617693259516257e-006	-7.962928e-002	3.641197e+000	1.366884e-002
4.624529197016257e-006	2.322199e-003	3.807465e+000	1.750095e-002
4.631365134516258e-006	8.297484e-002	3.995378e+000	2.029884e-002
4.638201072016258e-006	1.573934e-001	4.193899e+000	2.195987e-002
4.645037009516258e-006	2.213280e-001	4.391804e+000	2.244761e-002
4.651872947016258e-006	2.714526e-001	4.578311e+000	2.179050e-002
4.658708884516258e-006	3.055064e-001	4.743680e+000	2.007423e-002
4.665544822016258e-006	3.223423e-001	4.879730e+000	1.742987e-002
4.672380759516258e-006	3.218943e-001	4.980264e+000	1.402210e-002
4.679216697016258e-006	3.050811e-001	5.041362e+000	1.004280e-002
4.686052634516258e-006	2.736657e-001	5.061517e+000	5.710119e-003
4.692888572016258e-006	2.300858e-001	5.041619e+000	1.267401e-003
4.699724509516258e-006	1.772714e-001	4.984796e+000	-3.025857e-003
4.706560447016258e-006	1.184610e-001	4.896119e+000	-6.913291e-003
4.713396384516258e-006	5.702362e-002	4.782216e+000	-1.016662e-002
4.720232322016258e-006	-3.705837e-003	4.650818e+000	-1.260830e-002
4.727068259516258e-006	-6.057726e-002	4.510264e+000	-1.412590e-002
4.733904197016258e-006	-1.107600e-001	4.369010e+000	-1.467652e-002
4.740740134516258e-006	-1.518617e-001	4.235151e+000	-1.428283e-002
4.747576072016259e-006	-1.820307e-001	4.115993e+000	-1.302399e-002
4.754412009516259e-006	-2.000382e-001	4.017690e+000	-1.102404e-002
4.761247947016259e-006	-2.053363e-001	3.944963e+000	-8.439825e-003
4.768083884516259e-006	-1.980857e-001	3.900911e+000	-5.449227e-003
4.774919822016259e-006	-1.791452e-001	3.886919e+000	-2.240230e-003
4.781755759516259e-006	-1.500207e-001	3.902657e+000	9.991445e-004
4.788591697016259e-006	-1.127695e-001	3.946179e+000	4.089938e-003
4.795427634516259e-006	-6.986572e-002	4.014088e+000	6.870344e-003
4.802263572016259e-006	-2.398132e-002	4.101100e+000	9.236536e-003
4.807547649296353e-006	1.182127e-002	4.179002e+000	1.067930e-002
4.813594808410411e-006	5.110268e-002	4.275724e+000	1.182783e-002
4.820430745910411e-006	9.138713e-002	4.388000e+000	1.251864e-002
4.827266683410411e-006	1.254336e-001	4.497834e+000	1.255813e-002
4.834102620910411e-006	1.514868e-001	4.599521e+000	1.195173e-002
4.840938558410411e-006	1.684368e-001	4.687840e+000	1.075679e-002
4.847774495910411e-006	1.757567e-001	4.758518e+000	9.059590e-003
4.854610433410411e-006	1.734935e-001	4.808442e+000	6.969904e-003
4.861446370910411e-006	1.622256e-001	4.835789e+000	4.615067e-003
4.868282308410411e-006	1.429952e-001	4.840082e+000	2.133667e-003
4.875118245910412e-006	1.172220e-001	4.822163e+000	-3.314617e-004
4.881954183410412e-006	8.660480e-002	4.784087e+000	-2.641118e-003
4.888790120910412e-006	5.301778e-002	4.728960e+000	-4.668206e-003
4.895626058410412e-006	1.832456e-002	4.661039e+000	-6.330288e-003
4.901124336123421e-006	-9.057319e-003	4.599583e+000	-7.320504e-003
4.907348298240501e-006	-3.800191e-002	4.526126e+000	-8.007111e-003
4.914184235740501e-006	-6.606225e-002	4.445562e+000	-8.265954e-003
4.921020173240501e-006	-8.897073e-002	4.369294e+000	-8.014958e-003
4.927856110740501e-006	-1.055998e-001	4.301460e+000	-7.281411e-003
4.934692048240501e-006	-1.152664e-001	4.245605e+000	-6.130211e-003
4.941527985740501e-006	-1.176899e-001	4.204459e+000	-4.646426e-003
4.948363923240501e-006	-1.129997e-001	4.179817e+000	-2.929126e-003
4.955199860740501e-006	-1.017206e-001	4.172487e+000	-1.085043e-003
4.962035798240501e-006	-8.473511e-002	4.182284e+000	7.776043e-004
4.968871735740501e-006	-6.322362e-002	4.208082e+000	2.554892e-003
4.975707673240501e-006	-3.858742e-002	4.247913e+000	4.152387e-003
4.982543610740501e-006	-1.233038e-002	4.298805e+000	5.505214e-003
4.988150808592862e-006	9.380213e-003	4.347004e+000	6.377999e-003
4.993741291373676e-006	3.011551e-002	4.399009e+000	6.979115e-003
5.000577228873676e-006	5.314587e-002	4.464253e+000	7.362744e-003
5.007413166373676e-006	7.268178e-002	4.528018e+000	7.374058e-003
5.014249103873676e-006	8.768559e-002	4.587075e+000	7.010092e-003
5.021085041373676e-006	9.750725e-002	4.638412e+000	6.304915e-003
5.027920978873676e-006	1.018217e-001	4.679565e+000	5.309984e-003
5.034756916373676e-006	1.006292e-001	4.708737e+000	4.090844e-003
5.041592853873676e-006	9.423707e-002	4.724874e+000	2.723208e-003
5.048428791373676e-006	8.322529e-002	4.727692e+000	1.288611e-003
5.055264728873676e-006	6.840038e-002	4.717666e+000	-1.302136e-004
5.062100666373676e-006	5.073991e-002	4.695975e+000	-1.454039e-003
5.068936603873676e-006	3.133205e-002	4.664400e+000	-2.611656e-003
5.075772541373676e-006	1.127020e-002	4.625378e+000	-3.556382e-003
5.081411588844308e-006	-4.961407e-003	4.589104e+000	-4.129543e-003
5.087703095558409e-006	-2.184041e-002	4.546354e+000	-4.515396e-003
5.094539033058409e-006	-3.797081e-002	4.500001e+000	-4.648899e-003
5.101374970558410e-006	-5.106925e-002	4.456200e+000	-4.489724e-003
5.108210908058410e-006	-6.049268e-002	4.417356e+000	-4.053845e-003
5.115046845558410e-006	-6.585816e-002	4.385528e+000	-3.377990e-003
5.121882783058410e-006	-6.702033e-002	4.362298e+000	-2.510707e-003
5.128718720558410e-006	-6.407293e-002	4.348708e+000	-1.508995e-003
5.135554658058410e-006	-5.733692e-002	4.345216e+000	-4.346904e-004
5.142390595558410e-006	-4.733592e-002	4.351704e+000	6.491733e-004
5.149226533058410e-006	-3.476018e-002	4.367501e+000	1.681848e-003
5.156062470558410e-006	-2.042147e-002	4.391445e+000	2.608041e-003
5.162898408058410e-006	-5.201710e-003	4.421968e+000	3.380641e-003
5.169734345558410e-006	1.002839e-002	4.457160e+000	3.967762e-003
5.175977560884437e-006	2.317551e-002	4.491719e+000	4.312016e-003
5.182813498384437e-006	3.598928e-002	4.530169e+000	4.466696e-003
5.189649435884437e-006	4.657920e-002	4.567186e+000	4.399328e-003
5.196485373384437e-006	5.441393e-002	4.600878e+000	4.117342e-003
5.203321310884437e-006	5.916737e-002	4.629577e+000	3.644405e-003
5.210157248384437e-006	6.070125e-002	4.651956e+000	3.013888e-003
5.216993185884437e-006	5.906371e-002	4.667096e+000	2.266709e-003
5.223829123384438e-006	5.455467e-002	4.674767e+000	1.448873e-003
5.229779637405637e-006	4.846552e-002	4.674989e+000	7.156173e-004
5.236219581176541e-006	3.996237e-002	4.668568e+000	-5.927286e-005
5.243055518676541e-006	2.945795e-002	4.655396e+000	-8.194413e-004
5.249891456176541e-006	1.803282e-002	4.636690e+000	-1.477702e-003
5.256727393676541e-006	6.297014e-003	4.613800e+000	-2.008716e-003
5.262222048584073e-006	-2.902526e-003	4.593216e+000	-2.317585e-003
5.268441110350504e-006	-1.255253e-002	4.568753e+000	-2.521370e-003
5.275277047850505e-006	-2.182228e-002	4.542067e+000	-2.580299e-003
5.282112985350505e-006	-2.927681e-002	4.517007e+000	-2.469990e-003
5.288948922850505e-006	-3.454776e-002	4.494971e+000	-2.199906e-003
5.295784860350505e-006	-3.742611e-002	4.477148e+000	-1.791936e-003
5.302620797850505e-006	-3.784346e-002	4.464440e+000	-1.274769e-003
5.309456735350505e-006	-3.587122e-002	4.457432e+000	-6.819702e-004
5.316292672850505e-006	-3.171217e-002	4.456364e+000	-4.987931e-005
5.323128610350505e-006	-2.568465e-002	4.461138e+000	5.845242e-004
5.329964547850505e-006	-1.820065e-002	4.471332e+000	1.185687e-003
5.336800485350505e-006	-9.739025e-003	4.486239e+000	1.721368e-003
5.343636422850505e-006	-8.156907e-004	4.504916e+000	2.164264e-003
5.350472360350505e-006	8.047381e-003	4.526247e+000	2.493291e-003
5.357308297850505e-006	1.635236e-002	4.549009e+000	2.694497e-003
5.364144235350505e-006	2.365310e-002	4.571948e+000	2.761540e-003
5.370980172850505e-006	2.957855e-002	4.593849e+000	2.695750e-003
5.377816110350505e-006	3.385057e-002	4.613598e+000	2.505774e-003
5.384652047850506e-006	3.629571e-002	4.630248e+000	2.206831e-003
5.391487985350506e-006	3.685027e-002	4.643060e+000	1.819644e-003
5.398323922850506e-006	3.555899e-002	4.651538e+000	1.369088e-003
5.405159860350506e-006	3.263561e-002	4.655671e+000	8.824622e-004
5.410631349120633e-006	2.918283e-002	4.655587e+000	4.852544e-004
5.416840293792856e-006	2.424046e-002	4.651844e+000	4.823897e-005
5.423676231292856e-006	1.799024e-002	4.644137e+000	-3.940101e-004
5.430512168792856e-006	1.123636e-002	4.633260e+000	-7.745994e-004
5.437348106292856e-006	4.335749e-003	4.619960e+000	-1.077252e-003
5.443304397976465e-006	-1.486709e-003	4.607028e+000	-1.262724e-003
5.449743111474884e-006	-7.260785e-003	4.592432e+000	-1.371542e-003
5.456579048974884e-006	-1.254113e-002	4.577185e+000	-1.387637e-003
5.463414986474884e-006	-1.670331e-002	4.563047e+000	-1.304441e-003
5.470250923974884e-006	-1.954910e-002	4.550830e+000	-1.129246e-003
5.477086861474884e-006	-2.097115e-002	4.541207e+000	-8.756624e-004
5.483922798974884e-006	-2.094552e-002	4.534681e+000	-5.611376e-004
5.490758736474884e-006	-1.958928e-002	4.531386e+000	-2.063231e-004
5.496238362365005e-006	-1.755130e-002	4.531367e+000	9.413427e-005
5.502462654424741e-006	-1.431034e-002	4.534269e+000	4.360811e-004
5.509298591924741e-006	-9.955734e-003	4.540439e+000	7.932096e-004
5.516134529424741e-006	-5.019759e-003	4.549367e+000	1.113630e-003
5.522970466924741e-006	2.183391e-004	4.560586e+000	1.380641e-003
5.529806404424741e-006	5.451542e-003	4.573445e+000	1.581348e-003
5.536642341924741e-006	1.038515e-002	4.587224e+000	1.707044e-003
5.543478279424741e-006	1.475303e-002	4.601182e+000	1.753526e-003
5.550314216924741e-006	1.833152e-002	4.614594e+000	1.721163e-003
5.557150154424741e-006	2.095038e-002	4.626796e+000	1.614696e-003
5.563986091924742e-006	2.250010e-002	4.637214e+000	1.442821e-003
5.570822029424742e-006	2.293559e-002	4.645398e+000	1.217554e-003
5.577657966924742e-006	2.227590e-002	4.651038e+000	9.534447e-004
5.584493904424742e-006	2.060050e-002	4.653980e+000	6.666715e-004
5.591329841924742e-006	1.804733e-002	4.654246e+000	3.739211e-004
5.597940496726221e-006	1.489859e-002	4.652060e+000	1.009094e-004
5.604776434226221e-006	1.114488e-002	4.647555e+000	-1.558871e-004
5.611612371726221e-006	7.119750e-003	4.641204e+000	-3.739616e-004
5.618448309226221e-006	3.052463e-003	4.633475e+000	-5.425236e-004
5.625284246726222e-006	-8.350229e-004	4.624914e+000	-6.548358e-004
5.631809874510370e-006	-4.177204e-003	4.616488e+000	-7.045702e-004
5.638645812010371e-006	-7.116613e-003	4.607946e+000	-6.960182e-004
5.645481749510371e-006	-9.354789e-003	4.600209e+000	-6.297751e-004
5.652317687010371e-006	-1.078919e-002	4.593739e+000	-5.112316e-004
5.659153624510371e-006	-1.137133e-002	4.588906e+000	-3.491702e-004
5.665989562010371e-006	-1.110216e-002	4.585977e+000	-1.544585e-004
5.672825499510371e-006	-1.003024e-002	4.585100e+000	6.064440e-005
5.679661437010371e-006	-8.247253e-003	4.586302e+000	2.832288e-004
5.686497374510371e-006	-5.881310e-003	4.589494e+000	5.004804e-004
5.693333312010371e-006	-3.088355e-003	4.594479e+000	7.003890e-004
5.700169249510371e-006	-4.235075e-005	4.600966e+000	8.723839e-004
5.707005187010371e-006	3.075226e-003	4.608592e+000	1.007864e-003
5.713841124510371e-006	6.085920e-003	4.616943e+000	1.100597e-003
5.720677062010371e-006	8.824252e-003	4.625581e+000	1.146976e-003
5.727512999510371e-006	1.114654e-002	4.634068e+000	1.146117e-003
5.734348937010371e-006	1.293815e-002	4.641994e+000	1.099807e-003
5.741184874510371e-006	1.411872e-002	4.648990e+000	1.012303e-003
5.748020812010372e-006	1.464538e-002	4.654757e+000	8.900020e-004
5.754856749510372e-006	1.451352e-002	4.659078e+000	7.410064e-004
5.761692687010372e-006	1.375560e-002	4.661820e+000	5.746051e-004
5.768528624510372e-006	1.245253e-002	4.663000e+000	4.004737e-004
5.774401719430316e-006	1.095380e-002	4.662765e+000	2.519365e-004
5.780043224645765e-006	9.234267e-003	4.661435e+000	1.173083e-004
5.786879162145765e-006	6.926307e-003	4.658663e+000	-2.844413e-005
5.793715099645765e-006	4.510882e-003	4.654924e+000	-1.495655e-004
5.800551037145765e-006	2.113094e-003	4.650464e+000	-2.396781e-004
5.807386974645765e-006	-1.345307e-004	4.645611e+000	-2.950007e-004
5.814222912145765e-006	-2.112927e-003	4.640708e+000	-3.138512e-004
5.821058849645765e-006	-3.722603e-003	4.636084e+000	-2.966588e-004
5.827894787145765e-006	-4.888433e-003	4.632041e+000	-2.458569e-004
5.834730724645766e-006	-5.562940e-003	4.628836e+000	-1.656667e-004
5.841566662145766e-006	-5.727906e-003	4.626668e+000	-6.178992e-005
5.848402599645766e-006	-5.410445e-003	4.625627e+000	5.874551e-005
5.854234927743923e-006	-4.773675e-003	4.625705e+000	1.696950e-004
5.859778807781203e-006	-3.863470e-003	4.626699e+000	2.773245e-004
5.866614745281203e-006	-2.434711e-003	4.629002e+000	4.060732e-004
5.873450682781203e-006	-7.765375e-004	4.632281e+000	5.250404e-004
5.879293317945534e-006	7.669398e-004	4.635802e+000	6.140784e-004
5.884835500414549e-006	2.273415e-003	4.639671e+000	6.827530e-004
5.891671437914549e-006	4.090351e-003	4.644882e+000	7.445304e-004
5.898507375414550e-006	5.774050e-003	4.650315e+000	7.802814e-004
5.905343312914550e-006	7.235159e-003	4.655738e+000	7.878861e-004
5.912179250414550e-006	8.399788e-003	4.660897e+000	7.679352e-004
5.919015187914550e-006	9.213559e-003	4.665565e+000	7.225383e-004
5.925851125414550e-006	9.643885e-003	4.669550e+000	6.551481e-004
5.932687062914550e-006	9.680931e-003	4.672706e+000	5.703174e-004
5.939523000414550e-006	9.337263e-003	4.674938e+000	4.734028e-004
5.946358937914550e-006	8.646263e-003	4.676207e+000	3.702347e-004
5.953194875414550e-006	7.659429e-003	4.676528e+000	2.667723e-004
5.960030812914550e-006	6.442797e-003	4.675971e+000	1.687651e-004
5.966866750414550e-006	5.072682e-003	4.674649e+000	8.143727e-005
5.973702687914550e-006	3.631021e-003	4.672715e+000	9.214808e-006
5.980538625414550e-006	2.200595e-003	4.670350e+000	-4.449307e-005
5.987374562914550e-006	8.551952e-004	4.667750e+000	-7.804139e-005
5.993469728081633e-006	-2.094289e-004	4.665397e+000	-8.931743e-005
5.999957055525745e-006	-1.145479e-003	4.663031e+000	-8.164197e-005
6.006792993025745e-006	-1.880403e-003	4.660855e+000	-5.410750e-005
6.013628930525745e-006	-2.328637e-003	4.659155e+000	-8.889073e-006
6.020464868025745e-006	-2.473676e-003	4.658058e+000	5.100272e-005
6.027300805525745e-006	-2.319561e-003	4.657651e+000	1.215924e-004
6.034136743025745e-006	-1.886930e-003	4.657979e+000	1.984599e-004
6.040972680525745e-006	-1.211235e-003	4.659040e+000	2.770052e-004
6.047808618025745e-006	-3.401998e-004	4.660798e+000	3.527126e-004
6.054644555525745e-006	6.683340e-004	4.663164e+000	4.216584e-004
6.060899666252760e-006	1.661110e-003	4.665787e+000	4.752879e-004
6.067735603752760e-006	2.760853e-003	4.669028e+000	5.207551e-004
6.074571541252760e-006	3.813960e-003	4.672498e+000	5.510492e-004
6.081407478752760e-006	4.763615e-003	4.676048e+000	5.647536e-004
6.088243416252760e-006	5.560047e-003	4.679524e+000	5.616830e-004
6.095079353752760e-006	6.163995e-003	4.682781e+000	5.425982e-004
6.101915291252760e-006	6.548512e-003	4.685690e+000	5.091277e-004
6.108751228752760e-006	6.699989e-003	4.688148e+000	4.636442e-004
6.115587166252760e-006	6.618399e-003	4.690082e+000	4.091026e-004
6.122423103752760e-006	6.316770e-003	4.691447e+000	3.488540e-004
6.129259041252760e-006	5.819946e-003	4.692236e+000	2.864417e-004
6.136094978752761e-006	5.162735e-003	4.692472e+000	2.253961e-004
6.142930916252761e-006	4.387682e-003	4.692209e+000	1.690180e-004
6.149709708389501e-006	3.549161e-003	4.691531e+000	1.206415e-004
6.156545645889501e-006	2.682372e-003	4.690526e+000	8.183545e-005
6.163381583389501e-006	1.843116e-003	4.689313e+000	5.474737e-005
6.170217520889501e-006	1.076734e-003	4.688013e+000	4.041666e-005
6.177053458389501e-006	4.228561e-004	4.686745e+000	3.910992e-005
6.183889395889501e-006	-9.038372e-005	4.685618e+000	5.012762e-005
6.190149495394904e-006	-4.111014e-004	4.684807e+000	7.048134e-005
6.196985432894905e-006	-5.860499e-004	4.684243e+000	1.022567e-004
6.203821370394905e-006	-5.833901e-004	4.684063e+000	1.414221e-004
6.210657307894905e-006	-4.069670e-004	4.684312e+000	1.856712e-004
6.217493245394905e-006	-7.376471e-005	4.685003e+000	2.322845e-004
6.224329182894905e-006	3.910947e-004	4.686125e+000	2.785146e-004
6.231165120394905e-006	9.560685e-004	4.687642e+000	3.217413e-004
6.238001057894905e-006	1.585205e-003	4.689496e+000	3.596130e-004
6.244836995394905e-006	2.240331e-003	4.691616e+000	3.901680e-004
6.251672932894905e-006	2.883274e-003	4.693914e+000	4.119294e-004
6.258508870394905e-006	3.478009e-003	4.696300e+000	4.239693e-004
6.265344807894905e-006	3.992598e-003	4.698678e+000	4.259394e-004
6.272180745394905e-006	4.400819e-003	4.700957e+000	4.180692e-004
6.279016682894905e-006	4.683424e-003	4.703058e+000	4.011305e-004
6.285852620394905e-006	4.828946e-003	4.704912e+000	3.763742e-004
6.292688557894905e-006	4.834042e-003	4.706466e+000	3.454419e-004
6.299524495394905e-006	4.703366e-003	4.707687e+000	3.102594e-004
6.306360432894906e-006	4.449003e-003	4.708561e+000	2.729176e-004
6.313196370394906e-006	4.089502e-003	4.709095e+000	2.355494e-004
6.320032307894906e-006	3.650493e-003	4.709325e+000	2.000007e-004
6.325640930562423e-006	3.246676e-003	4.709300e+000	1.736935e-004
6.331877457925324e-006	2.772954e-003	4.709077e+000	1.489344e-004
6.338713395425324e-006	2.253845e-003	4.708678e+000	1.278828e-004
6.345549332925325e-006	1.761015e-003	4.708183e+000	1.139936e-004
6.352385270425325e-006	1.320310e-003	4.707658e+000	1.078557e-004
6.359221207925325e-006	9.540191e-004	4.707176e+000	1.094771e-004
6.366057145425325e-006	6.794217e-004	4.706804e+000	1.184305e-004
6.372893082925325e-006	5.036499e-004	4.706589e+000	1.337031e-004
6.378644085252201e-006	4.402348e-004	4.706571e+000	1.508425e-004
6.384493963469545e-006	4.614888e-004	4.706744e+000	1.715869e-004
6.391329900969545e-006	5.811649e-004	4.707187e+000	1.983043e-004
6.398165838469545e-006	7.893306e-004	4.707886e+000	2.261088e-004
6.405001775969545e-006	1.074269e-003	4.708841e+000	2.534851e-004
6.411837713469545e-006	1.416692e-003	4.710030e+000	2.788762e-004
6.418673650969545e-006	1.794823e-003	4.711415e+000	3.008965e-004
6.425509588469545e-006	2.185715e-003	4.712953e+000	3.184016e-004
6.432345525969545e-006	2.566581e-003	4.714592e+000	3.305440e-004
6.439181463469545e-006	2.916064e-003	4.716274e+000	3.368091e-004
6.446017400969546e-006	3.215387e-003	4.717945e+000	3.370312e-004
6.452853338469546e-006	3.449299e-003	4.719550e+000	3.313899e-004
6.459689275969546e-006	3.606804e-003	4.721042e+000	3.203866e-004
6.466525213469546e-006	3.681608e-003	4.722381e+000	3.048045e-004
6.473361150969546e-006	3.672296e-003	4.723535e+000	2.856539e-004
6.480197088469546e-006	3.582225e-003	4.724487e+000	2.641072e-004
6.487033025969546e-006	3.419150e-003	4.725231e+000	2.414270e-004
6.493868963469546e-006	3.194623e-003	4.725770e+000	2.188914e-004
6.500704900969546e-006	2.923201e-003	4.726122e+000	1.977227e-004
6.507540838469546e-006	2.621518e-003	4.726313e+000	1.790200e-004
6.514376775969546e-006	2.307272e-003	4.726376e+000	1.637028e-004
6.521212713469546e-006	1.997486e-003	4.726351e+000	1.523535e-004
6.527389272353314e-006	1.736460e-003	4.726288e+000	1.460803e-004
6.534225209853314e-006	1.482770e-003	4.726215e+000	1.437182e-004
6.541061147353314e-006	1.276451e-003	4.726181e+000	1.458549e-004
6.547897084853314e-006	1.127598e-003	4.726222e+000	1.522735e-004
6.554733022353314e-006	1.042026e-003	4.726371e+000	1.624171e-004
6.561568959853314e-006	1.021787e-003	4.726655e+000	1.755410e-004
6.568404897353314e-006	1.065191e-003	4.727089e+000	1.907622e-004
6.575240834853314e-006	1.167048e-003	4.727682e+000	2.071138e-004
6.582076772353315e-006	1.319091e-003	4.728431e+000	2.236023e-004
6.588912709853315e-006	1.510550e-003	4.729326e+000	2.392645e-004
6.595748647353315e-006	1.728857e-003	4.730349e+000	2.532202e-004
6.602584584853315e-006	1.960417e-003	4.731475e+000	2.647185e-004
6.609420522353315e-006	2.191407e-003	4.732673e+000	2.731749e-004
6.616256459853315e-006	2.408565e-003	4.733912e+000	2.781974e-004
6.623092397353315e-006	2.599909e-003	4.735156e+000	2.796020e-004
6.629928334853315e-006	2.755358e-003	4.736372e+000	2.774142e-004
6.636764272353315e-006	2.867234e-003	4.737532e+000	2.718605e-004
6.643600209853315e-006	2.930593e-003	4.738607e+000	2.633473e-004
6.650436147353315e-006	2.943400e-003	4.739578e+000	2.524322e-004
6.657272084853315e-006	2.906536e-003	4.740430e+000	2.397863e-004
6.664108022353315e-006	2.823632e-003	4.741157e+000	2.261526e-004
6.670943959853315e-006	2.700768e-003	4.741758e+000	2.123016e-004
6.677779897353315e-006	2.546031e-003	4.742241e+000	1.989871e-004
6.684615834853315e-006	2.368993e-003	4.742620e+000	1.869044e-004
6.691451772353315e-006	2.180112e-003	4.742912e+000	1.766535e-004
6.698287709853316e-006	1.990119e-003	4.743142e+000	1.687092e-004
6.705123647353316e-006	1.809398e-003	4.743333e+000	1.633992e-004
6.711959584853316e-006	1.647425e-003	4.743513e+000	1.608911e-004
6.718795522353316e-006	1.512269e-003	4.743707e+000	1.611891e-004
6.725631459853316e-006	1.410188e-003	4.743939e+000	1.641400e-004
6.732467397353316e-006	1.345353e-003	4.744231e+000	1.694480e-004
6.739303334853316e-006	1.319692e-003	4.744599e+000	1.766961e-004
6.746139272353316e-006	1.332861e-003	4.745055e+000	1.853747e-004
6.752975209853316e-006	1.382356e-003	4.745605e+000	1.949133e-004
6.759811147353316e-006	1.463731e-003	4.746250e+000	2.047149e-004
6.766647084853316e-006	1.570920e-003	4.746984e+000	2.141904e-004
6.773483022353316e-006	1.696644e-003	4.747799e+000	2.227917e-004
6.780318959853316e-006	1.832855e-003	4.748680e+000	2.300402e-004
6.787154897353316e-006	1.971228e-003	4.749611e+000	2.355516e-004
6.793990834853316e-006	2.103630e-003	4.750571e+000	2.390537e-004
6.800826772353316e-006	2.222572e-003	4.751540e+000	2.403974e-004
6.807662709853316e-006	2.321606e-003	4.752498e+000	2.395604e-004
6.814498647353317e-006	2.395646e-003	4.753426e+000	2.366435e-004
6.821334584853317e-006	2.441202e-003	4.754308e+000	2.318608e-004
6.828170522353317e-006	2.456515e-003	4.755129e+000	2.255230e-004
6.835006459853317e-006	2.441589e-003	4.755881e+000	2.180164e-004
6.841842397353317e-006	2.398128e-003	4.756557e+000	2.097784e-004
6.848678334853317e-006	2.329370e-003	4.757157e+000	2.012713e-004
6.855514272353317e-006	2.239855e-003	4.757684e+000	1.929550e-004
6.862350209853317e-006	2.135113e-003	4.758144e+000	1.852615e-004
6.869186147353317e-006	2.021322e-003	4.758548e+000	1.785718e-004
6.876022084853317e-006	1.904936e-003	4.758909e+000	1.731962e-004
6.882858022353317e-006	1.792311e-003	4.759243e+000	1.693597e-004
6.889693959853317e-006	1.689354e-003	4.759563e+000	1.671929e-004
6.896529897353317e-006	1.601209e-003	4.759888e+000	1.667274e-004
6.903365834853317e-006	1.531995e-003	4.760231e+000	1.678988e-004
6.910201772353317e-006	1.484615e-003	4.760606e+000	1.705530e-004
6.917037709853317e-006	1.460641e-003	4.761023e+000	1.744589e-004
6.923873647353318e-006	1.460271e-003	4.761492e+000	1.793239e-004
6.930709584853318e-006	1.482377e-003	4.762015e+000	1.848129e-004
6.937545522353318e-006	1.524609e-003	4.762596e+000	1.905684e-004
6.944381459853318e-006	1.583581e-003	4.763232e+000	1.962315e-004
6.951217397353318e-006	1.655095e-003	4.763918e+000	2.014624e-004
6.958053334853318e-006	1.734410e-003	4.764647e+000	2.059583e-004
6.964889272353318e-006	1.816526e-003	4.765407e+000	2.094691e-004
6.971725209853318e-006	1.896477e-003	4.766189e+000	2.118096e-004
6.978561147353318e-006	1.969606e-003	4.766980e+000	2.128674e-004
6.985397084853318e-006	2.031816e-003	4.767767e+000	2.126064e-004
6.992233022353318e-006	2.082857e-003	4.768544e+000	2.112745e-004
6.998137919706636e-006	2.112374e-003	4.769194e+000	2.090292e-004
6.999137919706636e-006	2.115869e-003	4.769302e+000	2.085548e-004
7.000000000000000e-006	2.118642e-003	4.769394e+000	2.081323e-004
