time	V(vgate)	V(vout)	I(D3)
0.000000000000000e+000	3.300000e+000	7.492814e-003	3.465263e-001
6.249999897583222e-013	3.300000e+000	7.492814e-003	3.465263e-001
1.249999979516644e-012	3.300000e+000	7.492814e-003	3.465263e-001
1.874999969274967e-012	3.300000e+000	7.492814e-003	3.465263e-001
2.499999959033289e-012	3.300000e+000	7.492814e-003	3.465263e-001
3.124999948791611e-012	3.300000e+000	7.492814e-003	3.465263e-001
3.749999938549933e-012	3.300000e+000	7.492814e-003	3.465263e-001
4.374999928308254e-012	3.300000e+000	7.492814e-003	3.465263e-001
8.749999856616508e-012	3.300000e+000	7.492814e-003	3.465263e-001
1.361529807776636e-011	3.299999e+000	7.492813e-003	3.465263e-001
1.860288226332610e-011	3.299999e+000	7.492812e-003	3.465263e-001
2.340180915866632e-011	3.299997e+000	7.492810e-003	3.465263e-001
2.923779066675163e-011	3.299995e+000	7.492804e-003	3.465263e-001
3.648190629458004e-011	3.299990e+000	7.492792e-003	3.465264e-001
4.573316271444684e-011	3.299980e+000	7.492763e-003	3.465264e-001
5.730011400021466e-011	3.299962e+000	7.492698e-003	3.465264e-001
7.202361550797155e-011	3.299925e+000	7.492553e-003	3.465264e-001
9.062584347267909e-011	3.299854e+000	7.492233e-003	3.465264e-001
1.144960956764115e-010	3.299714e+000	7.491528e-003	3.465264e-001
1.451826221580910e-010	3.299433e+000	7.489991e-003	3.465264e-001
1.853759702140754e-010	3.298862e+000	7.486628e-003	3.465265e-001
2.389148506697978e-010	3.297679e+000	7.479226e-003	3.465265e-001
3.131293038085114e-010	3.295111e+000	7.462418e-003	3.465266e-001
4.239460111737381e-010	3.288951e+000	7.420935e-003	3.465267e-001
6.381856751555454e-010	3.272196e+000	7.307112e-003	3.465268e-001
7.432524448966544e-010	3.261937e+000	7.237573e-003	3.465269e-001
7.898664605177823e-010	3.256658e+000	7.202143e-003	3.465269e-001
8.830944917600382e-010	3.245307e+000	7.127173e-003	3.465269e-001
1.000000000000000e-009	3.230536e+000	7.030969e-003	3.465270e-001
1.011690550823996e-009	3.229002e+000	7.021205e-003	3.465270e-001
1.035071652471989e-009	3.225939e+000	7.001784e-003	3.465270e-001
1.081833855767973e-009	3.219920e+000	6.964052e-003	3.465270e-001
1.175358262359943e-009	3.208824e+000	6.897229e-003	3.465270e-001
1.362407075543882e-009	3.190646e+000	6.799385e-003	3.465271e-001
1.574285495013886e-009	3.176769e+000	6.747826e-003	3.465271e-001
1.813875014411206e-009	3.168786e+000	6.757207e-003	3.465272e-001
2.084576254907384e-009	3.164868e+000	6.812209e-003	3.465272e-001
2.354094257135334e-009	3.161601e+000	6.871933e-003	3.465273e-001
2.640535023107351e-009	3.155739e+000	6.913730e-003	3.465273e-001
3.040677641592557e-009	3.144043e+000	6.940696e-003	3.465274e-001
3.488562690087936e-009	3.129744e+000	6.960172e-003	3.465275e-001
3.939484943762131e-009	3.116296e+000	6.988282e-003	3.465275e-001
4.575172111922989e-009	3.098643e+000	7.039267e-003	3.465276e-001
5.446272939394347e-009	3.074383e+000	7.107722e-003	3.465278e-001
6.310772052213451e-009	3.050173e+000	7.173582e-003	3.465279e-001
8.031548226509845e-009	3.002720e+000	7.309478e-003	3.465282e-001
9.753168162745700e-009	2.956043e+000	7.450263e-003	3.465285e-001
1.249079569361865e-008	2.883635e+000	7.685642e-003	3.465287e-001
1.770739222843524e-008	2.750658e+000	8.171114e-003	3.465281e-001
2.419055837983855e-008	2.593121e+000	8.841764e-003	3.465249e-001
3.102649587983855e-008	2.436294e+000	9.647995e-003	3.465180e-001
3.786243337983855e-008	2.288785e+000	1.058178e-002	3.465067e-001
4.469837087983855e-008	2.150156e+000	1.167610e-002	3.464900e-001
5.153430837983855e-008	2.019875e+000	1.297397e-002	3.464675e-001
5.837024587983855e-008	1.897456e+000	1.453540e-002	3.464381e-001
6.520618337983856e-008	1.782462e+000	1.644625e-002	3.464007e-001
7.204212087983855e-008	1.674520e+000	1.883380e-002	3.463536e-001
7.887805837983854e-008	1.573333e+000	2.189353e-002	3.462945e-001
8.571399587983854e-008	1.478717e+000	2.593849e-002	3.462200e-001
9.254993337983853e-008	1.390668e+000	3.149245e-002	3.461252e-001
9.938587087983853e-008	1.309493e+000	3.947579e-002	3.460023e-001
1.062218083798385e-007	1.236107e+000	5.160790e-002	3.458383e-001
1.130577458798385e-007	1.172799e+000	7.145267e-002	3.456106e-001
1.198936833798385e-007	1.123978e+000	1.056203e-001	3.452878e-001
1.252891616513547e-007	1.102507e+000	1.521219e-001	3.449082e-001
1.312554601003847e-007	1.095893e+000	2.245353e-001	3.442807e-001
1.366539146335879e-007	1.095360e+000	2.976538e-001	3.434547e-001
1.423835910964727e-007	1.094819e+000	3.766971e-001	3.422286e-001
1.492195285964727e-007	1.093937e+000	4.727866e-001	3.403018e-001
1.560554660964727e-007	1.092902e+000	5.713111e-001	3.378793e-001
1.628914035964727e-007	1.091656e+000	6.728758e-001	3.349463e-001
1.697273410964727e-007	1.090214e+000	7.782362e-001	3.315126e-001
1.765632785964727e-007	1.088540e+000	8.882758e-001	3.275861e-001
1.833992160964727e-007	1.086629e+000	1.004147e+000	3.231701e-001
1.902351535964727e-007	1.084437e+000	1.127254e+000	3.182611e-001
1.970710910964727e-007	1.081933e+000	1.259357e+000	3.128475e-001
2.039070285964727e-007	1.079061e+000	1.402561e+000	3.069079e-001
2.107429660964727e-007	1.075765e+000	1.559332e+000	3.004093e-001
2.175789035964728e-007	1.071974e+000	1.732403e+000	2.933057e-001
2.244148410964728e-007	1.067610e+000	1.924645e+000	2.855373e-001
2.312507785964728e-007	1.062583e+000	2.138859e+000	2.770301e-001
2.380867160964728e-007	1.056792e+000	2.377545e+000	2.676970e-001
2.449226535964728e-007	1.050110e+000	2.642665e+000	2.574399e-001
2.517585910964728e-007	1.042382e+000	2.935422e+000	2.461541e-001
2.585945285964728e-007	1.033397e+000	3.256075e+000	2.337330e-001
2.654304660964728e-007	1.022867e+000	3.603768e+000	2.200751e-001
2.722664035964728e-007	1.010368e+000	3.976336e+000	2.050914e-001
2.791023410964728e-007	9.952551e-001	4.370013e+000	1.887144e-001
2.859382785964728e-007	9.764915e-001	4.778867e+000	1.709088e-001
2.927742160964728e-007	9.523116e-001	5.193666e+000	1.516863e-001
2.996101535964728e-007	9.196150e-001	5.599679e+000	1.311262e-001
3.064460910964728e-007	8.732297e-001	5.973588e+000	1.094072e-001
3.132820285964728e-007	8.062763e-001	6.282884e+000	8.685075e-002
3.201179660964728e-007	7.132158e-001	6.493382e+000	6.396233e-002
3.269539035964728e-007	5.938646e-001	6.582320e+000	4.143686e-002
3.337898410964729e-007	4.539936e-001	6.544944e+000	2.010507e-002
3.406257785964729e-007	3.022445e-001	6.390526e+000	8.285568e-004
3.474617160964729e-007	1.472129e-001	6.135961e+000	-1.562263e-002
3.542976535964729e-007	-3.555822e-003	5.802351e+000	-2.867865e-002
3.611335910964729e-007	-1.436004e-001	5.413464e+000	-3.803961e-002
3.679695285964729e-007	-2.674240e-001	4.994481e+000	-4.368508e-002
3.748054660964729e-007	-3.704038e-001	4.570728e+000	-4.582369e-002
3.816414035964729e-007	-4.487574e-001	4.166382e+000	-4.481486e-002
3.884773410964729e-007	-4.995745e-001	3.803240e+000	-4.110333e-002
3.953132785964729e-007	-5.209265e-001	3.499648e+000	-3.518213e-002
4.021492160964729e-007	-5.120520e-001	3.269683e+000	-2.757417e-002
4.089851535964729e-007	-4.735957e-001	3.122639e+000	-1.881725e-002
4.158210910964729e-007	-4.084588e-001	3.060324e+000	-9.443132e-003
4.218534111831416e-007	-3.313269e-001	3.077299e+000	-1.051334e-003
4.277087576694297e-007	-2.417447e-001	3.160051e+000	6.832052e-003
4.345446951694297e-007	-1.262860e-001	3.326315e+000	1.532776e-002
4.413806326694297e-007	-6.866125e-003	3.553344e+000	2.273146e-002
4.482165701694298e-007	1.090577e-001	3.829487e+000	2.868835e-002
4.550525076694298e-007	2.140197e-001	4.138152e+000	3.293701e-002
4.618884451694298e-007	3.017945e-001	4.461543e+000	3.530520e-002
4.687243826694298e-007	3.678583e-001	4.781594e+000	3.572407e-002
4.755603201694298e-007	4.095786e-001	5.080945e+000	3.423689e-002
4.823962576694297e-007	4.261638e-001	5.343882e+000	3.099643e-002
4.892321951694297e-007	4.184452e-001	5.557206e+000	2.624698e-002
4.960681326694296e-007	3.885744e-001	5.710941e+000	2.029469e-002
5.029040701694296e-007	3.397004e-001	5.798834e+000	1.348053e-002
5.097400076694296e-007	2.756632e-001	5.818614e+000	6.170326e-003
5.165759451694295e-007	2.007200e-001	5.771990e+000	-1.240271e-003
5.234118826694295e-007	1.193079e-001	5.664392e+000	-8.327097e-003
5.302478201694294e-007	3.584171e-002	5.504497e+000	-1.466379e-002
5.370837576694294e-007	-4.560244e-002	5.303978e+000	-1.989824e-002
5.433990607996976e-007	-1.154280e-001	5.093040e+000	-2.345063e-002
5.502349982996976e-007	-1.817919e-001	4.850429e+000	-2.573929e-002
5.570709357996975e-007	-2.360310e-001	4.607509e+000	-2.642079e-002
5.639068732996975e-007	-2.756323e-001	4.377493e+000	-2.552292e-002
5.707428107996974e-007	-2.989270e-001	4.172664e+000	-2.319450e-002
5.775787482996974e-007	-3.050298e-001	4.003338e+000	-1.965397e-002
5.844146857996973e-007	-2.939167e-001	3.877398e+000	-1.516849e-002
5.912506232996973e-007	-2.664821e-001	3.799985e+000	-1.003484e-002
5.980865607996972e-007	-2.245516e-001	3.773368e+000	-4.562365e-003
6.049224982996972e-007	-1.708360e-001	3.796911e+000	9.427146e-004
6.117237191784191e-007	-1.090853e-001	3.867009e+000	6.162909e-003
6.185596566784191e-007	-4.254612e-002	3.977397e+000	1.092565e-002
6.241658300411859e-007	1.251108e-002	4.094429e+000	1.427079e-002
6.304364244731315e-007	7.128827e-002	4.247648e+000	1.722975e-002
6.372723619731314e-007	1.288782e-001	4.429793e+000	1.947561e-002
6.441082994731314e-007	1.768312e-001	4.618110e+000	2.062178e-002
6.509442369731313e-007	2.126812e-001	4.802526e+000	2.062351e-002
6.577801744731313e-007	2.349772e-001	4.973080e+000	1.951890e-002
6.646161119731312e-007	2.431926e-001	5.120911e+000	1.740529e-002
6.714520494731312e-007	2.376640e-001	5.238718e+000	1.443185e-002
6.782879869731311e-007	2.194804e-001	5.321128e+000	1.078925e-002
6.851239244731311e-007	1.903428e-001	5.364943e+000	6.698125e-003
6.919598619731310e-007	1.524372e-001	5.369433e+000	2.396909e-003
6.986593897210271e-007	1.091009e-001	5.336587e+000	-1.784226e-003
7.054953272210271e-007	6.117469e-002	5.268456e+000	-5.777293e-003
7.123312647210270e-007	1.219267e-002	5.170921e+000	-9.277553e-003
7.191672022210270e-007	-3.529007e-002	5.050473e+000	-1.209820e-002
7.260031397210269e-007	-7.888188e-002	4.914803e+000	-1.410099e-002
7.328390772210269e-007	-1.164710e-001	4.772129e+000	-1.520394e-002
7.396750147210268e-007	-1.463046e-001	4.630717e+000	-1.538405e-002
7.465109522210268e-007	-1.670573e-001	4.498412e+000	-1.467478e-002
7.533468897210267e-007	-1.778866e-001	4.382215e+000	-1.315950e-002
7.601828272210267e-007	-1.784757e-001	4.287937e+000	-1.096231e-002
7.670187647210266e-007	-1.690560e-001	4.219931e+000	-8.237737e-003
7.738547022210266e-007	-1.504055e-001	4.180922e+000	-5.159994e-003
7.806906397210266e-007	-1.238154e-001	4.171933e+000	-1.912530e-003
7.875265772210265e-007	-9.102105e-002	4.192307e+000	1.321749e-003
7.943625147210265e-007	-5.409702e-002	4.239818e+000	4.369370e-003
8.011984522210264e-007	-1.527463e-002	4.310320e+000	7.091071e-003
8.071624399601235e-007	1.839684e-002	4.387538e+000	9.088911e-003
8.129558995020597e-007	4.919735e-002	4.473582e+000	1.058235e-002
8.197918370020597e-007	8.148438e-002	4.582693e+000	1.175053e-002
8.266277745020596e-007	1.080532e-001	4.693889e+000	1.226976e-002
8.334637120020596e-007	1.275103e-001	4.801430e+000	1.211229e-002
8.402996495020595e-007	1.390816e-001	4.899560e+000	1.131018e-002
8.471355870020595e-007	1.424964e-001	4.983249e+000	9.929628e-003
8.539715245020594e-007	1.379655e-001	5.048448e+000	8.066375e-003
8.608074620020594e-007	1.261311e-001	5.092280e+000	5.839692e-003
8.676433995020594e-007	1.081769e-001	5.114100e+000	3.386168e-003
8.733746184419685e-007	8.906256e-002	5.114012e+000	1.253375e-003
8.797131946720956e-007	6.465739e-002	5.094366e+000	-1.067291e-003
8.865491321720955e-007	3.627734e-002	5.054051e+000	-3.400277e-003
8.933850696720955e-007	7.238612e-003	4.996707e+000	-5.441405e-003
9.002210071720954e-007	-2.094179e-002	4.925854e+000	-7.084070e-003
9.070569446720954e-007	-4.680086e-002	4.846005e+000	-8.250621e-003
9.138928821720954e-007	-6.904964e-002	4.761992e+000	-8.894274e-003
9.207288196720953e-007	-8.662831e-002	4.678682e+000	-9.000618e-003
9.275647571720953e-007	-9.875109e-002	4.600706e+000	-8.586822e-003
9.344006946720952e-007	-1.049398e-001	4.532208e+000	-7.698812e-003
9.412366321720952e-007	-1.050440e-001	4.476637e+000	-6.406879e-003
9.480725696720951e-007	-9.924652e-002	4.436590e+000	-4.800243e-003
9.549085071720951e-007	-8.805132e-002	4.413698e+000	-2.981012e-003
9.617444446720951e-007	-7.225366e-002	4.408587e+000	-1.057962e-003
9.685803821720952e-007	-5.289177e-002	4.420881e+000	8.595423e-004
9.754163196720953e-007	-3.118229e-002	4.449264e+000	2.667258e-003
9.822522571720953e-007	-8.420462e-003	4.491344e+000	4.279192e-003
9.883965136646438e-007	1.186610e-002	4.538846e+000	5.491615e-003
9.944280707047508e-007	3.056888e-002	4.592296e+000	6.398358e-003
1.001264008204751e-006	4.933727e-002	4.657283e+000	7.065202e-003
1.008099945704751e-006	6.472287e-002	4.723310e+000	7.341837e-003
1.014935883204751e-006	7.594131e-002	4.786921e+000	7.216968e-003
1.021771820704751e-006	8.254224e-002	4.844728e+000	6.711872e-003
1.028607758204751e-006	8.436096e-002	4.893795e+000	5.867928e-003
1.035443695704751e-006	8.151052e-002	4.931771e+000	4.743771e-003
1.042279633204751e-006	7.435802e-002	4.957013e+000	3.411577e-003
1.049115570704751e-006	6.362021e-002	4.969327e+000	1.952998e-003
1.054584118740071e-006	5.276336e-002	4.968961e+000	7.489266e-004
1.060795745535327e-006	3.855155e-002	4.957405e+000	-5.924579e-004
1.067631683035327e-006	2.169989e-002	4.933581e+000	-1.966009e-003
1.074467620535327e-006	4.449978e-003	4.899759e+000	-3.166156e-003
1.081303558035327e-006	-1.229218e-002	4.857965e+000	-4.131002e-003
1.088118683102386e-006	-2.759606e-002	4.811006e+000	-4.813569e-003
1.094954620602386e-006	-4.077886e-002	4.761448e+000	-5.190866e-003
1.101790558102386e-006	-5.115940e-002	4.712314e+000	-5.252178e-003
1.108626495602386e-006	-5.827184e-002	4.666343e+000	-5.006849e-003
1.115462433102386e-006	-6.184176e-002	4.625991e+000	-4.481250e-003
1.122298370602386e-006	-6.179494e-002	4.593307e+000	-3.716223e-003
1.129134308102386e-006	-5.825714e-002	4.569833e+000	-2.764060e-003
1.135970245602386e-006	-5.154338e-002	4.556543e+000	-1.685046e-003
1.142806183102386e-006	-4.213667e-002	4.553809e+000	-5.437802e-004
1.149642120602386e-006	-3.065708e-002	4.561408e+000	5.945096e-004
1.156478058102386e-006	-1.782284e-002	4.578556e+000	1.667484e-003
1.163313995602386e-006	-4.405691e-003	4.603976e+000	2.618879e-003
1.170149933102386e-006	8.837481e-003	4.635921e+000	3.404953e-003
1.176525971600685e-006	2.034856e-002	4.669987e+000	3.950221e-003
1.183361909100685e-006	3.115076e-002	4.709003e+000	4.309786e-003
1.190197846600685e-006	3.987906e-002	4.748333e+000	4.433400e-003
1.197033784100685e-006	4.610817e-002	4.785882e+000	4.319422e-003
1.203869721600686e-006	4.959353e-002	4.819679e+000	3.982863e-003
1.210705659100686e-006	5.025609e-002	4.848031e+000	3.450445e-003
1.217541596600686e-006	4.817814e-002	4.869609e+000	2.758767e-003
1.224377534100686e-006	4.359023e-002	4.883514e+000	1.951968e-003
1.231213471600686e-006	3.689560e-002	4.889546e+000	1.078814e-003
1.237214314083010e-006	2.958955e-002	4.888178e+000	2.957483e-004
1.243028813956928e-006	2.153035e-002	4.880723e+000	-4.403046e-004
1.249864751456928e-006	1.141395e-002	4.865494e+000	-1.236722e-003
1.256700688956928e-006	1.169354e-003	4.844664e+000	-1.924074e-003
1.263536626456928e-006	-8.675176e-003	4.819372e+000	-2.466433e-003
1.270372563956928e-006	-1.759800e-002	4.791227e+000	-2.839211e-003
1.277208501456928e-006	-2.514682e-002	4.761935e+000	-3.028319e-003
1.284044438956928e-006	-3.095996e-002	4.733198e+000	-3.030536e-003
1.290880376456928e-006	-3.478250e-002	4.706618e+000	-2.853230e-003
1.297716313956928e-006	-3.647656e-002	4.683619e+000	-2.513471e-003
1.304552251456928e-006	-3.602538e-002	4.665367e+000	-2.036645e-003
1.311388188956928e-006	-3.353080e-002	4.652721e+000	-1.454664e-003
1.318224126456928e-006	-2.920451e-002	4.646198e+000	-8.039126e-004
1.325060063956928e-006	-2.336777e-002	4.645863e+000	-1.226433e-004
1.331476037623624e-006	-1.682373e-002	4.651183e+000	5.095693e-004
1.338311975123624e-006	-9.134463e-003	4.662355e+000	1.139798e-003
1.345147912623624e-006	-1.178807e-003	4.678244e+000	1.694189e-003
1.351983850123624e-006	6.601840e-003	4.697910e+000	2.144737e-003
1.358819787623624e-006	1.377858e-002	4.720155e+000	2.470582e-003
1.365655725123624e-006	1.997337e-002	4.743683e+000	2.658486e-003
1.372491662623624e-006	2.487871e-002	4.767177e+000	2.703268e-003
1.379327600123625e-006	2.827233e-002	4.789372e+000	2.607802e-003
1.386163537623625e-006	3.002609e-002	4.809123e+000	2.382580e-003
1.392999475123625e-006	3.010890e-002	4.825460e+000	2.044874e-003
1.399835412623625e-006	2.858398e-002	4.837644e+000	1.617550e-003
1.406671350123625e-006	2.560090e-002	4.845190e+000	1.127616e-003
1.413507287623625e-006	2.138325e-002	4.847889e+000	6.045742e-004
1.420343225123625e-006	1.621561e-002	4.845836e+000	7.846448e-005
1.427025449585847e-006	1.054872e-002	4.839501e+000	-4.103017e-004
1.433861387085847e-006	4.461506e-003	4.829150e+000	-8.577284e-004
1.440697324585847e-006	-1.580869e-003	4.815711e+000	-1.231542e-003
1.447078695421118e-006	-6.879083e-003	4.801084e+000	-1.495124e-003
1.453914632921118e-006	-1.190047e-002	4.784141e+000	-1.674352e-003
1.460750570421118e-006	-1.602156e-002	4.766929e+000	-1.744745e-003
1.467586507921118e-006	-1.904108e-002	4.750413e+000	-1.705075e-003
1.474422445421118e-006	-2.083382e-002	4.735515e+000	-1.561892e-003
1.481258382921118e-006	-2.134637e-002	4.723028e+000	-1.327235e-003
1.488094320421118e-006	-2.059771e-002	4.713582e+000	-1.017728e-003
1.494930257921118e-006	-1.867584e-002	4.707614e+000	-6.534676e-004
1.501766195421118e-006	-1.573077e-002	4.705353e+000	-2.567659e-004
1.508602132921118e-006	-1.196931e-002	4.706773e+000	1.494414e-004
1.515128992891762e-006	-7.824913e-003	4.711466e+000	5.248085e-004
1.521964930391762e-006	-3.161173e-003	4.719441e+000	8.858365e-004
1.528033650060143e-006	1.036896e-003	4.728768e+000	1.162700e-003
1.534535382442665e-006	5.364851e-003	4.740624e+000	1.398739e-003
1.541371319942665e-006	9.503242e-003	4.754351e+000	1.572660e-003
1.548207257442665e-006	1.301630e-002	4.768634e+000	1.664057e-003
1.555043194942665e-006	1.572919e-002	4.782714e+000	1.670133e-003
1.561879132442665e-006	1.752234e-002	4.795850e+000	1.593753e-003
1.568715069942665e-006	1.833236e-002	4.807381e+000	1.442228e-003
1.575551007442665e-006	1.815316e-002	4.816760e+000	1.226754e-003
1.582386944942665e-006	1.703380e-002	4.823581e+000	9.616544e-004
1.589222882442665e-006	1.507340e-002	4.827595e+000	6.634737e-004
1.596058819942665e-006	1.241346e-002	4.828717e+000	3.499794e-004
1.602894757442665e-006	9.228272e-003	4.827026e+000	3.912758e-005
1.609730694942666e-006	5.714026e-003	4.822753e+000	-2.519461e-004
1.616566632442666e-006	2.069514e-003	4.816336e+000	-5.102869e-004
1.622145644417069e-006	-8.567382e-004	4.809731e+000	-6.852866e-004
1.628408106451565e-006	-3.928360e-003	4.801228e+000	-8.332549e-004
1.635244043951565e-006	-6.888854e-003	4.791299e+000	-9.357505e-004
1.642079981451565e-006	-9.305434e-003	4.781250e+000	-9.736688e-004
1.648915918951565e-006	-1.105881e-002	4.771650e+000	-9.462165e-004
1.655751856451565e-006	-1.207723e-002	4.763045e+000	-8.574779e-004
1.662587793951565e-006	-1.233206e-002	4.755901e+000	-7.147767e-004
1.669423731451565e-006	-1.183788e-002	4.750590e+000	-5.281388e-004
1.676259668951565e-006	-1.065019e-002	4.747364e+000	-3.096270e-004
1.683095606451565e-006	-8.860935e-003	4.746351e+000	-7.259250e-005
1.689931543951565e-006	-6.592114e-003	4.747553e+000	1.691138e-004
1.696767481451565e-006	-3.987935e-003	4.750848e+000	4.019238e-004
1.703603418951566e-006	-1.204201e-003	4.755959e+000	6.144649e-004
1.709563934660370e-006	1.249790e-003	4.761690e+000	7.743645e-004
1.715312724121993e-006	3.522962e-003	4.768152e+000	8.972604e-004
1.722148661621993e-006	5.984759e-003	4.776550e+000	1.000324e-003
1.728984599121993e-006	8.082081e-003	4.785261e+000	1.055397e-003
1.735820536621993e-006	9.705232e-003	4.793858e+000	1.059571e-003
1.742656474121993e-006	1.078237e-002	4.801897e+000	1.014525e-003
1.749492411621993e-006	1.127487e-002	4.808984e+000	9.245970e-004
1.756328349121993e-006	1.117814e-002	4.814793e+000	7.964471e-004
1.763164286621993e-006	1.052045e-002	4.819078e+000	6.386034e-004
1.770000224121993e-006	9.360009e-003	4.821691e+000	4.609209e-004
1.776836161621993e-006	7.780538e-003	4.822577e+000	2.739859e-004
1.783672099121993e-006	5.885665e-003	4.821784e+000	8.848857e-005
1.790489554347227e-006	3.797827e-003	4.819457e+000	-8.488980e-005
1.797325491847227e-006	1.628777e-003	4.815797e+000	-2.379185e-004
1.804161429347227e-006	-4.962970e-004	4.811101e+000	-3.629699e-004
1.810614227916689e-006	-2.353242e-003	4.805996e+000	-4.491532e-004
1.817450165416689e-006	-4.062956e-003	4.800222e+000	-5.030741e-004
1.824286102916689e-006	-5.432043e-003	4.794439e+000	-5.181380e-004
1.831122040416689e-006	-6.394942e-003	4.788989e+000	-4.945323e-004
1.837957977916689e-006	-6.913862e-003	4.784190e+000	-4.350766e-004
1.844793915416689e-006	-6.976947e-003	4.780311e+000	-3.444688e-004
1.851629852916689e-006	-6.598001e-003	4.777559e+000	-2.289504e-004
1.858465790416690e-006	-5.814801e-003	4.776073e+000	-9.590025e-005
1.865301727916690e-006	-4.686922e-003	4.775910e+000	4.662913e-005
1.872044169230040e-006	-3.308944e-003	4.777041e+000	1.884240e-004
1.878880106730040e-006	-1.729945e-003	4.779412e+000	3.254467e-004
1.885716044230040e-006	-6.344120e-005	4.782857e+000	4.484127e-004
1.892551981730040e-006	1.595319e-003	4.787178e+000	5.510253e-004
1.899387919230040e-006	3.154390e-003	4.792128e+000	6.283629e-004
1.906223856730040e-006	4.530888e-003	4.797437e+000	6.770890e-004
1.913059794230040e-006	5.655283e-003	4.802825e+000	6.955761e-004
1.919895731730040e-006	6.474758e-003	4.808019e+000	6.839309e-004
1.926731669230040e-006	6.955502e-003	4.812765e+000	6.439246e-004
1.933567606730040e-006	7.083834e-003	4.816846e+000	5.788316e-004
1.940403544230040e-006	6.866165e-003	4.820087e+000	4.931932e-004
1.947239481730040e-006	6.327839e-003	4.822369e+000	3.925186e-004
1.954075419230040e-006	5.510969e-003	4.823629e+000	2.829428e-004
1.960911356730040e-006	4.471439e-003	4.823864e+000	1.708634e-004
1.967747294230040e-006	3.275269e-003	4.823126e+000	6.257471e-005
1.974583231730040e-006	1.994576e-003	4.821522e+000	-3.607820e-005
1.981419169230040e-006	6.988089e-004	4.819223e+000	-1.210382e-004
1.986867715178599e-006	-2.941670e-004	4.816979e+000	-1.751140e-004
1.993058585753077e-006	-1.324052e-003	4.814125e+000	-2.186302e-004
1.999894523253077e-006	-2.300000e-003	4.810832e+000	-2.452572e-004
2.006730460753077e-006	-3.064087e-003	4.807584e+000	-2.488854e-004
2.013566398253077e-006	-3.578906e-003	4.804582e+000	-2.297051e-004
2.020402335753077e-006	-3.825498e-003	4.802007e+000	-1.896721e-004
2.027238273253077e-006	-3.800463e-003	4.800015e+000	-1.318231e-004
2.034074210753077e-006	-3.515570e-003	4.798719e+000	-6.006534e-005
2.040910148253077e-006	-2.996551e-003	4.798193e+000	2.107402e-005
2.047746085753077e-006	-2.283388e-003	4.798448e+000	1.067705e-004
2.054096715131962e-006	-1.483446e-003	4.799395e+000	1.861075e-004
2.060932652631962e-006	-5.271212e-004	4.801093e+000	2.671728e-004
2.066421602409490e-006	2.752324e-004	4.802920e+000	3.258096e-004
2.072592607918569e-006	1.172424e-003	4.805412e+000	3.814625e-004
2.079428545418569e-006	2.111130e-003	4.808523e+000	4.290692e-004
2.086264482918569e-006	2.946938e-003	4.811857e+000	4.600845e-004
2.093100420418569e-006	3.636610e-003	4.815257e+000	4.730843e-004
2.099936357918569e-006	4.147375e-003	4.818558e+000	4.680165e-004
2.106772295418569e-006	4.457663e-003	4.821608e+000	4.458316e-004
2.113608232918569e-006	4.557865e-003	4.824273e+000	4.083930e-004
2.120444170418569e-006	4.450401e-003	4.826447e+000	3.583388e-004
2.127280107918569e-006	4.149114e-003	4.828053e+000	2.989071e-004
2.134116045418570e-006	3.678052e-003	4.829050e+000	2.337337e-004
2.140951982918570e-006	3.069741e-003	4.829432e+000	1.666353e-004
2.147787920418570e-006	2.363881e-003	4.829239e+000	1.012284e-004
2.153983496733930e-006	1.673597e-003	4.828595e+000	4.662232e-005
2.160819434233930e-006	8.984142e-004	4.827447e+000	-5.490552e-006
2.167655371733930e-006	1.520271e-004	4.825967e+000	-4.697482e-005
2.174491309233930e-006	-5.262191e-004	4.824265e+000	-7.579433e-005
2.181327246733931e-006	-1.101446e-003	4.822467e+000	-9.084973e-005
2.188163184233931e-006	-1.545798e-003	4.820704e+000	-9.184739e-005
2.194999121733931e-006	-1.839720e-003	4.819098e+000	-7.928483e-005
2.201835059233931e-006	-1.972725e-003	4.817756e+000	-5.439267e-005
2.208670996733931e-006	-1.943636e-003	4.816770e+000	-1.903805e-005
2.215506934233931e-006	-1.760303e-003	4.816205e+000	2.440334e-005
2.222342871733931e-006	-1.438833e-003	4.816103e+000	7.319860e-005
2.229178809233931e-006	-1.002388e-003	4.816475e+000	1.244228e-004
2.236014746733931e-006	-4.796341e-004	4.817310e+000	1.751282e-004
2.242850684233931e-006	9.705388e-005	4.818569e+000	2.225086e-004
2.249686621733931e-006	6.935336e-004	4.820190e+000	2.640489e-004
2.256522559233931e-006	1.275860e-003	4.822096e+000	2.976537e-004
2.263358496733931e-006	1.812165e-003	4.824195e+000	3.217468e-004
2.270194434233931e-006	2.274353e-003	4.826388e+000	3.353390e-004
2.277030371733931e-006	2.639516e-003	4.828576e+000	3.380607e-004
2.283866309233931e-006	2.891012e-003	4.830661e+000	3.301587e-004
2.290702246733931e-006	3.019146e-003	4.832558e+000	3.124595e-004
2.297538184233932e-006	3.021440e-003	4.834193e+000	2.863017e-004
2.304374121733932e-006	2.902494e-003	4.835510e+000	2.534420e-004
2.311210059233932e-006	2.673452e-003	4.836473e+000	2.159427e-004
2.318045996733932e-006	2.351138e-003	4.837067e+000	1.760451e-004
2.324881934233932e-006	1.958055e-003	4.837308e+000	1.359414e-004
2.330842871553205e-006	1.574599e-003	4.837241e+000	1.025020e-004
2.336624927434764e-006	1.183109e-003	4.836938e+000	7.310811e-005
2.343460864934764e-006	7.208770e-004	4.836349e+000	4.352853e-005
2.350296802434765e-006	2.809447e-004	4.835587e+000	2.033327e-005
2.356337295760728e-006	-6.930152e-005	4.834813e+000	6.412250e-006
2.362800971853985e-006	-3.851600e-004	4.833945e+000	-9.501262e-007
2.369636909353985e-006	-6.418678e-004	4.833059e+000	-6.799331e-007
2.376472846853985e-006	-8.086766e-004	4.832273e+000	7.536315e-006
2.383308784353985e-006	-8.788730e-004	4.831653e+000	2.303674e-005
2.390144721853985e-006	-8.523130e-004	4.831248e+000	4.466979e-005
2.396980659353985e-006	-7.342229e-004	4.831100e+000	7.098779e-005
2.403816596853985e-006	-5.347077e-004	4.831228e+000	1.003385e-004
2.410652534353985e-006	-2.680079e-004	4.831642e+000	1.309646e-004
2.417488471853985e-006	4.844703e-005	4.832331e+000	1.611050e-004
2.424324409353985e-006	3.951262e-004	4.833270e+000	1.890927e-004
2.431160346853986e-006	7.515614e-004	4.834422e+000	2.134435e-004
2.437996284353986e-006	1.097520e-003	4.835739e+000	2.329312e-004
2.444832221853986e-006	1.414120e-003	4.837165e+000	2.466459e-004
2.451668159353986e-006	1.684828e-003	4.838641e+000	2.540324e-004
2.458504096853986e-006	1.896289e-003	4.840107e+000	2.549075e-004
2.465340034353986e-006	2.038947e-003	4.841507e+000	2.494558e-004
2.472175971853986e-006	2.107426e-003	4.842789e+000	2.382062e-004
2.479011909353986e-006	2.100677e-003	4.843909e+000	2.219890e-004
2.485847846853986e-006	2.021861e-003	4.844836e+000	2.018787e-004
2.492683784353986e-006	1.878018e-003	4.845550e+000	1.791251e-004
2.499519721853986e-006	1.679526e-003	4.846041e+000	1.550774e-004
2.506355659353986e-006	1.439397e-003	4.846316e+000	1.311057e-004
2.513191596853986e-006	1.172453e-003	4.846390e+000	1.085237e-004
2.520027534353986e-006	8.944425e-004	4.846291e+000	8.851825e-005
2.526863471853986e-006	6.211245e-004	4.846054e+000	7.208838e-005
2.533699409353986e-006	3.674004e-004	4.845721e+000	5.999666e-005
2.540535346853986e-006	1.465192e-004	4.845338e+000	5.273598e-005
2.547371284353987e-006	-3.174317e-005	4.844949e+000	5.041073e-005
2.553635204397603e-006	-1.486926e-004	4.844628e+000	5.273716e-005
2.560471141897603e-006	-2.208560e-004	4.844357e+000	5.981164e-005
2.567307079397603e-006	-2.358449e-004	4.844198e+000	7.084983e-005
2.574143016897603e-006	-1.944847e-004	4.844179e+000	8.515379e-005
2.580691599009782e-006	-1.051612e-004	4.844313e+000	1.011024e-004
2.587527536509782e-006	3.287838e-005	4.844621e+000	1.190900e-004
2.594363474009782e-006	2.063502e-004	4.845096e+000	1.373655e-004
2.601199411509782e-006	4.047089e-004	4.845730e+000	1.549103e-004
2.608035349009782e-006	6.159272e-004	4.846505e+000	1.707660e-004
2.614871286509782e-006	8.277199e-004	4.847396e+000	1.841042e-004
2.621707224009782e-006	1.028236e-003	4.848372e+000	1.942678e-004
2.628543161509782e-006	1.206702e-003	4.849399e+000	2.008006e-004
2.635379099009782e-006	1.353977e-003	4.850439e+000	2.034652e-004
2.642215036509782e-006	1.462998e-003	4.851458e+000	2.022478e-004
2.649050974009782e-006	1.529096e-003	4.852423e+000	1.973505e-004
2.655886911509783e-006	1.550163e-003	4.853306e+000	1.891720e-004
2.662722849009783e-006	1.526667e-003	4.854082e+000	1.782781e-004
2.669558786509783e-006	1.461536e-003	4.854736e+000	1.653638e-004
2.676394724009783e-006	1.359892e-003	4.855258e+000	1.512098e-004
2.683230661509783e-006	1.228692e-003	4.855648e+000	1.366364e-004
2.690066599009783e-006	1.076266e-003	4.855910e+000	1.224559e-004
2.696902536509783e-006	9.118053e-004	4.856059e+000	1.094282e-004
2.703738474009783e-006	7.442294e-004	4.856115e+000	9.807447e-005
2.709014329629828e-006	6.188761e-004	4.856105e+000	9.093959e-005
2.715023225012879e-006	4.872405e-004	4.856053e+000	8.498133e-005
2.721859162512879e-006	3.569663e-004	4.855970e+000	8.089752e-005
2.728695100012879e-006	2.528953e-004	4.855889e+000	7.975106e-005
2.735531037512879e-006	1.791391e-004	4.855833e+000	8.148282e-005
2.741509526741733e-006	1.432488e-004	4.855824e+000	8.530924e-005
2.748055703164647e-006	1.361035e-004	4.855880e+000	9.171172e-005
2.754891640664647e-006	1.612580e-004	4.856020e+000	1.002566e-004
2.761727578164647e-006	2.173921e-004	4.856255e+000	1.101876e-004
2.768563515664647e-006	3.005048e-004	4.856592e+000	1.209118e-004
2.775399453164647e-006	4.048919e-004	4.857030e+000	1.317922e-004
2.782235390664647e-006	5.238848e-004	4.857563e+000	1.422072e-004
2.789071328164647e-006	6.502565e-004	4.858180e+000	1.515847e-004
2.795907265664647e-006	7.766446e-004	4.858865e+000	1.594320e-004
2.802743203164647e-006	8.959646e-004	4.859600e+000	1.653599e-004
2.809579140664647e-006	1.001793e-003	4.860363e+000	1.691004e-004
2.816415078164647e-006	1.088701e-003	4.861135e+000	1.705171e-004
2.823251015664647e-006	1.152513e-003	4.861893e+000	1.696079e-004
2.830086953164647e-006	1.190496e-003	4.862617e+000	1.664998e-004
2.836922890664647e-006	1.201456e-003	4.863290e+000	1.614370e-004
2.843758828164648e-006	1.185743e-003	4.863899e+000	1.547632e-004
2.850594765664648e-006	1.145173e-003	4.864434e+000	1.468982e-004
2.857430703164648e-006	1.082877e-003	4.864889e+000	1.383125e-004
2.864266640664648e-006	1.003069e-003	4.865265e+000	1.294986e-004
2.871102578164648e-006	9.107763e-004	4.865565e+000	1.209430e-004
2.877938515664648e-006	8.115301e-004	4.865796e+000	1.130997e-004
2.884774453164648e-006	7.110364e-004	4.865970e+000	1.063659e-004
2.891610390664648e-006	6.148547e-004	4.866101e+000	1.010622e-004
2.898446328164648e-006	5.280950e-004	4.866205e+000	9.741777e-005
2.905282265664648e-006	4.551511e-004	4.866299e+000	9.556091e-005
2.912118203164648e-006	3.994838e-004	4.866399e+000	9.551596e-005
2.918954140664648e-006	3.634648e-004	4.866520e+000	9.720576e-005
2.925790078164648e-006	3.482854e-004	4.866677e+000	1.004598e-004
2.932626015664648e-006	3.539356e-004	4.866880e+000	1.050272e-004
2.939461953164648e-006	3.792498e-004	4.867139e+000	1.105938e-004
2.946297890664648e-006	4.220150e-004	4.867457e+000	1.168017e-004
2.953133828164648e-006	4.791334e-004	4.867836e+000	1.232714e-004
2.959969765664649e-006	5.468276e-004	4.868275e+000	1.296227e-004
2.966805703164649e-006	6.208761e-004	4.868766e+000	1.354968e-004
2.973641640664649e-006	6.968646e-004	4.869303e+000	1.405749e-004
2.980477578164649e-006	7.704382e-004	4.869874e+000	1.445945e-004
2.987313515664649e-006	8.375412e-004	4.870469e+000	1.473616e-004
2.994149453164649e-006	8.978926e-004	4.871074e+000	1.491152e-004
2.994164062500000e-006	8.980100e-004	4.871076e+000	1.491174e-004
2.994193281170703e-006	8.982319e-004	4.871078e+000	1.491204e-004
2.994251718512108e-006	8.986738e-004	4.871083e+000	1.491261e-004
2.994368593194918e-006	8.995543e-004	4.871094e+000	1.491372e-004
2.994602342560539e-006	9.013005e-004	4.871115e+000	1.491578e-004
2.995069841291781e-006	9.047334e-004	4.871156e+000	1.491927e-004
2.997874833679231e-006	9.239962e-004	4.871406e+000	1.492649e-004
2.998874833679231e-006	9.304549e-004	4.871494e+000	1.492495e-004
2.999250332641537e-006	9.327481e-004	4.871527e+000	1.492309e-004
3.000494012452329e-006	9.400106e-004	4.871637e+000	1.491375e-004
3.001000000000000e-006	9.428524e-004	4.871681e+000	1.490885e-004
3.001000868365627e-006	9.428564e-004	4.871681e+000	1.490884e-004
3.001002605096881e-006	9.428778e-004	4.871681e+000	1.490882e-004
3.001006078559389e-006	9.429815e-004	4.871682e+000	1.490878e-004
3.001010478967332e-006	9.433422e-004	4.871682e+000	1.490874e-004
3.001019279783216e-006	9.451543e-004	4.871683e+000	1.490864e-004
3.001030602412923e-006	9.500816e-004	4.871684e+000	1.490852e-004
3.001041613368960e-006	9.586468e-004	4.871685e+000	1.490840e-004
3.001050587562712e-006	9.698163e-004	4.871686e+000	1.490830e-004
3.001061144708985e-006	9.888056e-004	4.871687e+000	1.490818e-004
3.001070955826101e-006	1.014283e-003	4.871688e+000	1.490807e-004
3.001088430738833e-006	1.080063e-003	4.871690e+000	1.490788e-004
3.001108459945923e-006	1.193505e-003	4.871693e+000	1.490766e-004
3.001138399647000e-006	1.453370e-003	4.871697e+000	1.490732e-004
3.001174127891555e-006	1.937638e-003	4.871706e+000	1.490692e-004
3.001225373360847e-006	3.030612e-003	4.871729e+000	1.490633e-004
3.001291915171888e-006	5.235694e-003	4.871781e+000	1.490555e-004
3.001376261009787e-006	9.379141e-003	4.871896e+000	1.490454e-004
3.001461867099285e-006	1.534252e-002	4.872095e+000	1.490347e-004
3.001567972237980e-006	2.532648e-002	4.872496e+000	1.490203e-004
3.001691285014421e-006	4.023036e-002	4.873215e+000	1.490014e-004
3.001832743327866e-006	6.131171e-002	4.874436e+000	1.489742e-004
3.002000000000000e-006	8.966096e-002	4.876282e+000	1.489355e-004
3.002016725667214e-006	9.286556e-002	4.876522e+000	1.489304e-004
3.002050177001640e-006	9.933043e-002	4.877021e+000	1.489195e-004
3.002117079670494e-006	1.123050e-001	4.878109e+000	1.488942e-004
3.002250885008202e-006	1.375149e-001	4.880541e+000	1.488289e-004
3.002424033795074e-006	1.675639e-001	4.884018e+000	1.487132e-004
3.002585504247890e-006	1.918443e-001	4.887481e+000	1.485619e-004
3.002756321678322e-006	2.133092e-001	4.891215e+000	1.483404e-004
3.002934362310317e-006	2.322274e-001	4.895016e+000	1.480212e-004
3.003183216115729e-006	2.561052e-001	4.900074e+000	1.474088e-004
3.003448143483949e-006	2.813813e-001	4.905184e+000	1.465354e-004
3.003695115877152e-006	3.062392e-001	4.909775e+000	1.454693e-004
3.003955480918654e-006	3.339445e-001	4.914555e+000	1.440242e-004
3.004287133548383e-006	3.698501e-001	4.920660e+000	1.416501e-004
3.004739441285827e-006	4.178067e-001	4.928990e+000	1.374915e-004
3.005186048256305e-006	4.634640e-001	4.937121e+000	1.322060e-004
3.005720706776054e-006	5.165269e-001	4.946637e+000	1.238950e-004
3.006543882119086e-006	5.965542e-001	4.960925e+000	1.072846e-004
3.007345655796511e-006	6.718874e-001	4.974314e+000	8.537071e-005
3.008892298983860e-006	8.097347e-001	4.997283e+000	2.826613e-005
3.010481691734885e-006	9.410601e-001	5.011593e+000	-4.655565e-005
3.011591695551505e-006	1.020372e+000	5.003119e+000	-1.091949e-004
3.012581043991024e-006	1.074597e+000	4.965343e+000	-1.699561e-004
3.013532516114798e-006	1.108347e+000	4.892655e+000	-2.257824e-004
3.014637411437576e-006	1.128638e+000	4.771103e+000	-2.751148e-004
3.015868468416158e-006	1.137375e+000	4.610480e+000	-2.917107e-004
3.017295396283388e-006	1.139381e+000	4.413443e+000	-2.308191e-004
3.019072486217465e-006	1.138227e+000	4.172237e+000	4.309256e-005
3.022626666085619e-006	1.134311e+000	3.721007e+000	1.255289e-003
3.027385528662010e-006	1.129591e+000	3.182702e+000	4.183687e-003
3.033666892937383e-006	1.125208e+000	2.582323e+000	1.013335e-002
3.040502830437383e-006	1.123245e+000	2.053713e+000	1.878078e-002
3.047338767937383e-006	1.124447e+000	1.637663e+000	2.918907e-002
3.054174705437383e-006	1.128381e+000	1.308196e+000	4.080170e-002
3.061010642937383e-006	1.134049e+000	1.038292e+000	5.318194e-002
3.067846580437383e-006	1.140427e+000	8.070755e-001	6.621634e-002
3.074682517937383e-006	1.146785e+000	6.004651e-001	8.042697e-002
3.081518455437383e-006	1.152745e+000	4.096300e-001	9.718047e-002
3.088354392937384e-006	1.161119e+000	2.326542e-001	1.175579e-001
3.094336957836698e-006	1.180011e+000	9.808339e-002	1.378672e-001
3.096499762556637e-006	1.199740e+000	6.702539e-002	1.454010e-001
3.099149010817169e-006	1.238863e+000	4.901360e-002	1.543202e-001
3.100233973752847e-006	1.256592e+000	4.422903e-002	1.577861e-001
3.101799567231836e-006	1.283044e+000	3.908309e-002	1.625218e-001
3.103417982450241e-006	1.310842e+000	3.494170e-002	1.671760e-001
3.105170455879000e-006	1.341093e+000	3.148143e-002	1.718941e-001
3.108039645043337e-006	1.390464e+000	2.723798e-002	1.790416e-001
3.111094790110170e-006	1.442326e+000	2.392436e-002	1.859785e-001
3.115113453331920e-006	1.508944e+000	2.085320e-002	1.941754e-001
3.119715833394683e-006	1.582525e+000	1.840709e-002	2.025331e-001
3.126325955016612e-006	1.683420e+000	1.600147e-002	2.131978e-001
3.132582839289598e-006	1.773827e+000	1.441291e-002	2.222281e-001
3.139418776789598e-006	1.866734e+000	1.318807e-002	2.311192e-001
3.146254714289598e-006	1.954043e+000	1.227967e-002	2.392450e-001
3.153090651789598e-006	2.035970e+000	1.158622e-002	2.467186e-001
3.159926589289598e-006	2.112853e+000	1.104059e-002	2.536266e-001
3.166762526789598e-006	2.185011e+000	1.060116e-002	2.600297e-001
3.173598464289598e-006	2.252744e+000	1.024038e-002	2.659739e-001
3.180434401789598e-006	2.316331e+000	9.939534e-003	2.714974e-001
3.187270339289598e-006	2.376032e+000	9.685297e-003	2.766329e-001
3.194106276789598e-006	2.432090e+000	9.468067e-003	2.814097e-001
3.200942214289598e-006	2.484731e+000	9.280619e-003	2.858543e-001
3.207778151789598e-006	2.534167e+000	9.117533e-003	2.899908e-001
3.214614089289598e-006	2.580595e+000	8.974571e-003	2.938413e-001
3.221450026789598e-006	2.624200e+000	8.848446e-003	2.974263e-001
3.228285964289598e-006	2.665155e+000	8.736514e-003	3.007646e-001
3.235121901789599e-006	2.703624e+000	8.636672e-003	3.038736e-001
3.241957839289599e-006	2.739757e+000	8.547188e-003	3.067694e-001
3.248793776789599e-006	2.773697e+000	8.466657e-003	3.094669e-001
3.255629714289599e-006	2.805578e+000	8.393900e-003	3.119799e-001
3.262465651789599e-006	2.835526e+000	8.327943e-003	3.143213e-001
3.269301589289599e-006	2.863658e+000	8.267958e-003	3.165029e-001
3.276137526789599e-006	2.890084e+000	8.213250e-003	3.185359e-001
3.282973464289599e-006	2.914908e+000	8.163219e-003	3.204304e-001
3.289809401789599e-006	2.938228e+000	8.117359e-003	3.221960e-001
3.296645339289599e-006	2.960135e+000	8.075225e-003	3.238415e-001
3.303481276789599e-006	2.980714e+000	8.036438e-003	3.253753e-001
3.310317214289599e-006	3.000047e+000	8.000664e-003	3.268049e-001
3.317153151789599e-006	3.018209e+000	7.967613e-003	3.281376e-001
3.323989089289599e-006	3.035270e+000	7.937027e-003	3.293798e-001
3.330825026789599e-006	3.051298e+000	7.908683e-003	3.305379e-001
3.337660964289599e-006	3.066355e+000	7.882379e-003	3.316175e-001
3.344496901789600e-006	3.080500e+000	7.857939e-003	3.326240e-001
3.351332839289600e-006	3.093789e+000	7.835204e-003	3.335623e-001
3.365004714289600e-006	3.118000e+000	7.794299e-003	3.352528e-001
3.378676589289600e-006	3.139369e+000	7.758695e-003	3.367224e-001
3.392348464289600e-006	3.158227e+000	7.727603e-003	3.380001e-001
3.406020339289600e-006	3.174872e+000	7.700377e-003	3.391110e-001
3.419692214289600e-006	3.189562e+000	7.676478e-003	3.400770e-001
3.433364089289600e-006	3.202527e+000	7.655459e-003	3.409169e-001
3.447035964289600e-006	3.213970e+000	7.636939e-003	3.416473e-001
3.460707839289601e-006	3.224069e+000	7.620597e-003	3.422826e-001
3.474379714289601e-006	3.232982e+000	7.606159e-003	3.428350e-001
3.488051589289601e-006	3.240849e+000	7.593389e-003	3.433155e-001
3.501723464289601e-006	3.247793e+000	7.582085e-003	3.437334e-001
3.515395339289601e-006	3.253922e+000	7.572071e-003	3.440968e-001
3.529067214289601e-006	3.259330e+000	7.563194e-003	3.444130e-001
3.542739089289601e-006	3.264104e+000	7.555320e-003	3.446880e-001
3.556410964289601e-006	3.268318e+000	7.548334e-003	3.449272e-001
3.570082839289601e-006	3.272037e+000	7.542131e-003	3.451352e-001
3.583754714289602e-006	3.275319e+000	7.536625e-003	3.453162e-001
3.597426589289602e-006	3.278216e+000	7.531735e-003	3.454736e-001
3.611098464289602e-006	3.280773e+000	7.527390e-003	3.456106e-001
3.624770339289602e-006	3.283030e+000	7.523531e-003	3.457298e-001
3.638442214289602e-006	3.285022e+000	7.520102e-003	3.458334e-001
3.652114089289602e-006	3.286780e+000	7.517055e-003	3.459236e-001
3.658950026789602e-006	3.287580e+000	7.515661e-003	3.459642e-001
3.665785964289602e-006	3.288332e+000	7.514347e-003	3.460020e-001
3.672621901789602e-006	3.289037e+000	7.513109e-003	3.460373e-001
3.679457839289602e-006	3.289701e+000	7.511941e-003	3.460703e-001
3.686293776789603e-006	3.290324e+000	7.510841e-003	3.461010e-001
3.693129714289603e-006	3.290910e+000	7.509803e-003	3.461297e-001
3.699965651789603e-006	3.291460e+000	7.508826e-003	3.461564e-001
3.706801589289603e-006	3.291977e+000	7.507904e-003	3.461813e-001
3.713637526789603e-006	3.292462e+000	7.507035e-003	3.462045e-001
3.720473464289603e-006	3.292918e+000	7.506215e-003	3.462262e-001
3.727309401789603e-006	3.293347e+000	7.505443e-003	3.462465e-001
3.734145339289603e-006	3.293749e+000	7.504716e-003	3.462653e-001
3.740981276789603e-006	3.294128e+000	7.504029e-003	3.462830e-001
3.747817214289603e-006	3.294483e+000	7.503383e-003	3.462994e-001
3.754653151789603e-006	3.294817e+000	7.502773e-003	3.463147e-001
3.761489089289603e-006	3.295131e+000	7.502199e-003	3.463290e-001
3.768325026789603e-006	3.295425e+000	7.501657e-003	3.463423e-001
3.775160964289603e-006	3.295702e+000	7.501147e-003	3.463547e-001
3.781996901789603e-006	3.295962e+000	7.500666e-003	3.463663e-001
3.788832839289603e-006	3.296206e+000	7.500213e-003	3.463771e-001
3.795668776789603e-006	3.296436e+000	7.499785e-003	3.463872e-001
3.802504714289604e-006	3.296652e+000	7.499383e-003	3.463966e-001
3.809340651789604e-006	3.296854e+000	7.499003e-003	3.464054e-001
3.816176589289604e-006	3.297045e+000	7.498646e-003	3.464136e-001
3.823012526789604e-006	3.297224e+000	7.498309e-003	3.464212e-001
3.829848464289604e-006	3.297391e+000	7.497991e-003	3.464283e-001
3.836684401789604e-006	3.297549e+000	7.497692e-003	3.464350e-001
3.843520339289604e-006	3.297698e+000	7.497410e-003	3.464412e-001
3.857192214289604e-006	3.297968e+000	7.496894e-003	3.464524e-001
3.870864089289604e-006	3.298206e+000	7.496436e-003	3.464621e-001
3.884535964289604e-006	3.298417e+000	7.496029e-003	3.464705e-001
3.898207839289604e-006	3.298603e+000	7.495668e-003	3.464779e-001
3.911879714289605e-006	3.298767e+000	7.495348e-003	3.464843e-001
3.925551589289605e-006	3.298912e+000	7.495063e-003	3.464899e-001
3.939223464289605e-006	3.299039e+000	7.494811e-003	3.464947e-001
3.952895339289605e-006	3.299152e+000	7.494587e-003	3.464990e-001
3.966567214289605e-006	3.299251e+000	7.494389e-003	3.465026e-001
3.980239089289605e-006	3.299339e+000	7.494212e-003	3.465058e-001
3.987075026789605e-006	3.299379e+000	7.494132e-003	3.465073e-001
3.993164062500000e-006	3.299413e+000	7.494071e-003	3.465085e-001
3.994164062499999e-006	3.299419e+000	7.494057e-003	3.465087e-001
3.996164062499999e-006	3.299429e+000	7.494035e-003	3.465091e-001
3.997164062499998e-006	3.299434e+000	7.494019e-003	3.465092e-001
3.998000000000001e-006	3.299439e+000	7.494021e-003	3.465094e-001
3.998328124999996e-006	3.299440e+000	7.494017e-003	3.465095e-001
3.998984374999986e-006	3.299444e+000	7.493999e-003	3.465096e-001
4.000000000000000e-006	3.299449e+000	7.493940e-003	3.465098e-001
4.000002186565549e-006	3.299449e+000	7.493936e-003	3.465098e-001
4.000006559696649e-006	3.299448e+000	7.493938e-003	3.465098e-001
4.000015305958846e-006	3.299448e+000	7.493950e-003	3.465098e-001
4.000025406435204e-006	3.299445e+000	7.493956e-003	3.465098e-001
4.000034606989455e-006	3.299440e+000	7.493953e-003	3.465098e-001
4.000042001194297e-006	3.299433e+000	7.493939e-003	3.465098e-001
4.000050682570252e-006	3.299423e+000	7.493909e-003	3.465098e-001
4.000058739106100e-006	3.299409e+000	7.493860e-003	3.465098e-001
4.000073050314520e-006	3.299372e+000	7.493716e-003	3.465098e-001
4.000089365251614e-006	3.299310e+000	7.493437e-003	3.465098e-001
4.000113599786709e-006	3.299170e+000	7.492741e-003	3.465098e-001
4.000142207174559e-006	3.298915e+000	7.491353e-003	3.465098e-001
4.000182599984008e-006	3.298360e+000	7.488095e-003	3.465098e-001
4.000233548274315e-006	3.297271e+000	7.481306e-003	3.465098e-001
4.000306989771566e-006	3.294820e+000	7.465297e-003	3.465098e-001
4.000412387007763e-006	3.289189e+000	7.427417e-003	3.465098e-001
4.000612754070055e-006	3.274056e+000	7.324532e-003	3.465099e-001
4.000720069250798e-006	3.263827e+000	7.255083e-003	3.465099e-001
4.000785369638513e-006	3.256556e+000	7.206159e-003	3.465099e-001
4.000869399224569e-006	3.246412e+000	7.139037e-003	3.465099e-001
4.001000000000000e-006	3.229964e+000	7.031803e-003	3.465099e-001
4.001013060077542e-006	3.228251e+000	7.020906e-003	3.465100e-001
4.001039180232628e-006	3.224835e+000	6.999262e-003	3.465100e-001
4.001091420542800e-006	3.218155e+000	6.957519e-003	3.465100e-001
4.001195901163145e-006	3.206065e+000	6.885580e-003	3.465100e-001
4.001404862403833e-006	3.186749e+000	6.785013e-003	3.465100e-001
4.001608989426685e-006	3.174580e+000	6.745885e-003	3.465101e-001
4.001864340319398e-006	3.167296e+000	6.766575e-003	3.465101e-001
4.002137146995319e-006	3.163745e+000	6.825402e-003	3.465102e-001
4.002405416563778e-006	3.160233e+000	6.882443e-003	3.465103e-001
4.002701917341177e-006	3.153602e+000	6.920654e-003	3.465104e-001
4.003137209288666e-006	3.140436e+000	6.946036e-003	3.465106e-001
4.003611747396324e-006	3.125421e+000	6.967874e-003	3.465107e-001
4.004071400681908e-006	3.112012e+000	6.999156e-003	3.465109e-001
4.004830735970581e-006	3.091061e+000	7.061114e-003	3.465112e-001
4.005605593910706e-006	3.069419e+000	7.121220e-003	3.465115e-001
4.006740484603492e-006	3.037690e+000	7.207877e-003	3.465120e-001
4.008264481133953e-006	2.995860e+000	7.329487e-003	3.465126e-001
4.010535849399136e-006	2.934581e+000	7.516995e-003	3.465135e-001
4.013275363775609e-006	2.862461e+000	7.754798e-003	3.465142e-001
4.017799174149904e-006	2.747723e+000	8.180207e-003	3.465142e-001
4.024635111649904e-006	2.582310e+000	8.893682e-003	3.465117e-001
4.031471049149904e-006	2.426008e+000	9.706546e-003	3.465055e-001
4.038306986649904e-006	2.279119e+000	1.065010e-002	3.464946e-001
4.045142924149904e-006	2.141072e+000	1.175668e-002	3.464784e-001
4.051978861649904e-006	2.011338e+000	1.307028e-002	3.464561e-001
4.058814799149905e-006	1.889435e+000	1.465228e-002	3.464269e-001
4.065650736649905e-006	1.774930e+000	1.659082e-002	3.463895e-001
4.072486674149905e-006	1.667454e+000	1.901671e-002	3.463422e-001
4.079322611649905e-006	1.566716e+000	2.213155e-002	3.462827e-001
4.086158549149905e-006	1.472543e+000	2.625898e-002	3.462075e-001
4.092994486649905e-006	1.384945e+000	3.194235e-002	3.461116e-001
4.099830424149905e-006	1.304260e+000	4.013965e-002	3.459868e-001
4.106666361649905e-006	1.231460e+000	5.265009e-002	3.458197e-001
4.113502299149905e-006	1.168988e+000	7.323980e-002	3.455869e-001
4.120338236649905e-006	1.121586e+000	1.089645e-001	3.452553e-001
4.125711205319211e-006	1.101521e+000	1.568455e-001	3.448667e-001
4.131563501657456e-006	1.095792e+000	2.288582e-001	3.442331e-001
4.137070358562161e-006	1.095325e+000	3.036255e-001	3.433681e-001
4.142865458962637e-006	1.094757e+000	3.836620e-001	3.421006e-001
4.149701396462637e-006	1.093867e+000	4.799190e-001	3.401374e-001
4.156537333962637e-006	1.092816e+000	5.786440e-001	3.376774e-001
4.163373271462638e-006	1.091556e+000	6.804612e-001	3.347077e-001
4.170209208962638e-006	1.090098e+000	7.861307e-001	3.312379e-001
4.177045146462638e-006	1.088408e+000	8.965565e-001	3.272757e-001
4.183881083962638e-006	1.086477e+000	1.012906e+000	3.228239e-001
4.190717021462638e-006	1.084264e+000	1.136609e+000	3.178787e-001
4.197552958962638e-006	1.081735e+000	1.269449e+000	3.124276e-001
4.204388896462638e-006	1.078834e+000	1.413560e+000	3.064485e-001
4.211224833962638e-006	1.075505e+000	1.571430e+000	2.999074e-001
4.218060771462638e-006	1.071674e+000	1.745809e+000	2.927574e-001
4.224896708962638e-006	1.067265e+000	1.939569e+000	2.849377e-001
4.231732646462638e-006	1.062186e+000	2.155497e+000	2.763733e-001
4.238568583962638e-006	1.056333e+000	2.396062e+000	2.669759e-001
4.245404521462638e-006	1.049581e+000	2.663177e+000	2.566472e-001
4.252240458962638e-006	1.041768e+000	2.957983e+000	2.452818e-001
4.259076396462638e-006	1.032681e+000	3.280662e+000	2.327736e-001
4.265912333962638e-006	1.022023e+000	3.630269e+000	2.190215e-001
4.272748271462638e-006	1.009357e+000	4.004534e+000	2.039377e-001
4.279584208962639e-006	9.940189e-001	4.399555e+000	1.874567e-001
4.286420146462639e-006	9.749300e-001	4.809209e+000	1.695463e-001
4.293256083962639e-006	9.502523e-001	5.223949e+000	1.502222e-001
4.300092021462639e-006	9.167560e-001	5.628521e+000	1.295697e-001
4.306927958962639e-006	8.691049e-001	5.998885e+000	1.077764e-001
4.313763896462639e-006	8.003803e-001	6.302035e+000	8.517615e-002
4.320599833962639e-006	7.053174e-001	6.504183e+000	6.228871e-002
4.327435771462639e-006	5.842083e-001	6.583810e+000	3.982157e-002
4.334271708962639e-006	4.431613e-001	6.537414e+000	1.861168e-002
4.341107646462639e-006	2.908908e-001	6.375015e+000	-4.818935e-004
4.347943583962639e-006	1.359296e-001	6.113899e+000	-1.670044e-002
4.354779521462639e-006	-1.425947e-002	5.775407e+000	-2.949218e-002
4.361615458962639e-006	-1.532901e-001	5.383449e+000	-3.857818e-002
4.368451396462639e-006	-2.757317e-001	4.963264e+000	-4.395712e-002
4.375287333962639e-006	-3.770239e-001	4.540138e+000	-4.585139e-002
4.382123271462639e-006	-4.534461e-001	4.138110e+000	-4.462857e-002
4.388959208962640e-006	-5.021552e-001	3.778760e+000	-4.073785e-002
4.395795146462640e-006	-5.213012e-001	3.480145e+000	-3.467497e-002
4.402631083962640e-006	-5.102173e-001	3.256006e+000	-2.696447e-002
4.409467021462640e-006	-4.696610e-001	3.115273e+000	-1.814455e-002
4.416302958962640e-006	-4.020410e-001	3.061909e+000	-8.749802e-003
4.423138896462640e-006	-3.117754e-001	3.093722e+000	7.168971e-004
4.429513274541563e-006	-2.118433e-001	3.197978e+000	9.171385e-003
4.436349212041563e-006	-9.471741e-002	3.380857e+000	1.741710e-002
4.443185149541563e-006	2.477889e-002	3.621516e+000	2.450842e-002
4.449341227521635e-006	1.277329e-001	3.878212e+000	2.956356e-002
4.456177165021635e-006	2.299920e-001	4.191531e+000	3.346672e-002
4.463013102521635e-006	3.144139e-001	4.515619e+000	3.551142e-002
4.469849040021635e-006	3.765523e-001	4.833399e+000	3.560635e-002
4.476684977521635e-006	4.140909e-001	5.127717e+000	3.381339e-002
4.483520915021635e-006	4.265270e-001	5.383223e+000	3.030221e-002
4.490356852521635e-006	4.149344e-001	5.587213e+000	2.532963e-002
4.497192790021635e-006	3.816536e-001	5.730300e+000	1.920915e-002
4.504028727521635e-006	3.299693e-001	5.806886e+000	1.228603e-002
4.510864665021635e-006	2.638427e-001	5.815636e+000	4.929868e-003
4.517586203009689e-006	1.888344e-001	5.759822e+000	-2.336422e-003
4.524422140509689e-006	1.068008e-001	5.643478e+000	-9.336661e-003
4.531258078009689e-006	2.339669e-002	5.476646e+000	-1.552608e-002
4.538094015509689e-006	-5.722598e-002	5.270649e+000	-2.053388e-002
4.544929953009689e-006	-1.312247e-001	5.038774e+000	-2.408766e-002
4.551765890509689e-006	-1.952079e-001	4.795167e+000	-2.603677e-002
4.558601828009689e-006	-2.463282e-001	4.553997e+000	-2.635310e-002
4.565437765509689e-006	-2.823694e-001	4.328646e+000	-2.511643e-002
4.572273703009690e-006	-3.018323e-001	4.131002e+000	-2.249316e-002
4.579109640509690e-006	-3.040192e-001	3.970870e+000	-1.871450e-002
4.585945578009690e-006	-2.891100e-001	3.855532e+000	-1.405589e-002
4.592781515509690e-006	-2.582100e-001	3.789488e+000	-8.818410e-003
4.599617453009690e-006	-2.133506e-001	3.774354e+000	-3.312047e-003
4.606453390509690e-006	-1.574161e-001	3.808930e+000	2.158896e-003
4.613289328009690e-006	-9.398507e-002	3.889393e+000	7.308381e-003
4.620125265509690e-006	-2.699320e-002	4.008542e+000	1.191354e-002
4.625912143460359e-006	2.956000e-002	4.134935e+000	1.521178e-002
4.631472927437285e-006	8.084559e-002	4.274262e+000	1.767588e-002
4.638308864937285e-006	1.369595e-001	4.458595e+000	1.972664e-002
4.645144802437285e-006	1.831836e-001	4.646993e+000	2.069670e-002
4.651980739937285e-006	2.170204e-001	4.829907e+000	2.052422e-002
4.658816677437285e-006	2.371627e-001	4.997512e+000	1.925663e-002
4.665652614937286e-006	2.432218e-001	5.141158e+000	1.699984e-002
4.672488552437286e-006	2.356586e-001	5.253820e+000	1.391012e-002
4.679324489937286e-006	2.156657e-001	5.330446e+000	1.018349e-002
4.686160427437286e-006	1.852528e-001	5.369396e+000	6.046154e-003
4.692154857500915e-006	1.513788e-001	5.370391e+000	2.260643e-003
4.698616776142379e-006	1.092745e-001	5.337036e+000	-1.773862e-003
4.705452713642379e-006	6.131280e-002	5.268678e+000	-5.766436e-003
4.712288651142379e-006	1.233129e-002	5.171220e+000	-9.268245e-003
4.719124588642379e-006	-3.515795e-002	5.050831e+000	-1.209093e-002
4.725960526142379e-006	-7.876271e-002	4.915196e+000	-1.409610e-002
4.732796463642379e-006	-1.163704e-001	4.772535e+000	-1.520161e-002
4.739632401142379e-006	-1.462272e-001	4.631114e+000	-1.538429e-002
4.746468338642379e-006	-1.670063e-001	4.498777e+000	-1.467747e-002
4.753304276142379e-006	-1.778640e-001	4.382530e+000	-1.316435e-002
4.760140213642379e-006	-1.784820e-001	4.288186e+000	-1.096896e-002
4.766976151142379e-006	-1.690901e-001	4.220103e+000	-8.245729e-003
4.773812088642379e-006	-1.504647e-001	4.181012e+000	-5.168830e-003
4.780648026142379e-006	-1.238957e-001	4.171938e+000	-1.921694e-003
4.787483963642380e-006	-9.111718e-002	4.192232e+000	1.312765e-003
4.794319901142380e-006	-5.420295e-002	4.239668e+000	4.361041e-003
4.801155838642380e-006	-1.538333e-002	4.310099e+000	7.084091e-003
4.807105067435873e-006	1.821155e-002	4.387061e+000	9.079150e-003
4.812877199366043e-006	4.891674e-002	4.472733e+000	1.057019e-002
4.819713136866043e-006	8.124129e-002	4.581805e+000	1.174318e-002
4.826549074366043e-006	1.078621e-001	4.693003e+000	1.226788e-002
4.833385011866043e-006	1.273797e-001	4.800593e+000	1.211579e-002
4.840220949366043e-006	1.390160e-001	4.898817e+000	1.131869e-002
4.847056886866043e-006	1.424963e-001	4.982637e+000	9.942506e-003
4.853892824366043e-006	1.380277e-001	5.047997e+000	8.082762e-003
4.860728761866043e-006	1.262491e-001	5.092008e+000	5.858563e-003
4.867564699366043e-006	1.083351e-001	5.113980e+000	3.406386e-003
4.873336849571689e-006	8.910386e-002	5.113978e+000	1.258763e-003
4.879694887293907e-006	6.463359e-002	5.094321e+000	-1.068917e-003
4.886530824793907e-006	3.625554e-002	5.054009e+000	-3.401739e-003
4.893366762293907e-006	7.217815e-003	4.996656e+000	-5.442550e-003
4.900202699793907e-006	-2.096053e-002	4.925797e+000	-7.084846e-003
4.907038637293907e-006	-4.681664e-002	4.845946e+000	-8.251000e-003
4.913874574793907e-006	-6.906173e-002	4.761934e+000	-8.894251e-003
4.920710512293907e-006	-8.663619e-002	4.678629e+000	-9.000212e-003
4.927546449793907e-006	-9.875447e-002	4.600661e+000	-8.586072e-003
4.934382387293907e-006	-1.049386e-001	4.532173e+000	-7.697775e-003
4.941218324793907e-006	-1.050385e-001	4.476615e+000	-6.405626e-003
4.948054262293907e-006	-9.923717e-002	4.436580e+000	-4.798854e-003
4.954890199793907e-006	-8.803874e-002	4.413702e+000	-2.979568e-003
4.961726137293907e-006	-7.223865e-002	4.408604e+000	-1.056545e-003
4.968562074793908e-006	-5.287526e-002	4.420909e+000	8.608566e-004
4.975398012293908e-006	-3.116527e-002	4.449302e+000	2.668402e-003
4.982233949793908e-006	-8.403955e-003	4.491390e+000	4.280092e-003
4.988379835301183e-006	1.188647e-002	4.538911e+000	5.492533e-003
4.994413690766114e-006	3.059375e-002	4.592385e+000	6.399249e-003
5.001249628266114e-006	4.935782e-002	4.657373e+000	7.065596e-003
5.008085565766114e-006	6.473799e-002	4.723398e+000	7.341702e-003
5.014921503266114e-006	7.595037e-002	4.787002e+000	7.216331e-003
5.021757440766114e-006	8.254500e-002	4.844798e+000	6.710785e-003
5.028593378266114e-006	8.435755e-002	4.893849e+000	5.866467e-003
5.035429315766114e-006	8.150141e-002	4.931809e+000	4.742029e-003
5.042265253266114e-006	7.434395e-002	4.957033e+000	3.409661e-003
5.049101190766114e-006	6.360281e-002	4.969333e+000	1.951019e-003
5.054562886810087e-006	5.275828e-002	4.968959e+000	7.484684e-004
5.060771151075880e-006	3.855387e-002	4.957407e+000	-5.921529e-004
5.067607088575880e-006	2.170270e-002	4.933585e+000	-1.965680e-003
5.074443026075880e-006	4.453333e-003	4.899766e+000	-3.165831e-003
5.081278963575880e-006	-1.228857e-002	4.857974e+000	-4.130710e-003
5.088092959021257e-006	-2.758996e-002	4.811025e+000	-4.813228e-003
5.094928896521257e-006	-4.077319e-002	4.761469e+000	-5.190616e-003
5.101764834021257e-006	-5.115452e-002	4.712336e+000	-5.252042e-003
5.108600771521257e-006	-5.826799e-002	4.666364e+000	-5.006829e-003
5.115436709021257e-006	-6.183912e-002	4.626011e+000	-4.481343e-003
5.122272646521258e-006	-6.179361e-002	4.593325e+000	-3.716419e-003
5.129108584021258e-006	-5.825716e-002	4.569849e+000	-2.764344e-003
5.135944521521258e-006	-5.154470e-002	4.556555e+000	-1.685399e-003
5.142780459021258e-006	-4.213916e-002	4.553817e+000	-5.441808e-004
5.149616396521258e-006	-3.066057e-002	4.561412e+000	5.940858e-004
5.156452334021258e-006	-1.782710e-002	4.578557e+000	1.667061e-003
5.163288271521258e-006	-4.410454e-003	4.603973e+000	2.618480e-003
5.170124209021258e-006	8.832587e-003	4.635914e+000	3.404614e-003
5.176498313589761e-006	2.034044e-002	4.669968e+000	3.949803e-003
5.183334251089761e-006	3.114340e-002	4.708982e+000	4.309495e-003
5.190170188589761e-006	3.987293e-002	4.748311e+000	4.433260e-003
5.197006126089761e-006	4.610355e-002	4.785861e+000	4.319437e-003
5.203842063589761e-006	4.959062e-002	4.819660e+000	3.983024e-003
5.210678001089761e-006	5.025497e-002	4.848014e+000	3.450739e-003
5.217513938589761e-006	4.817881e-002	4.869597e+000	2.759172e-003
5.224349876089761e-006	4.359256e-002	4.883507e+000	1.952458e-003
5.231185813589761e-006	3.689959e-002	4.889545e+000	1.079358e-003
5.237183548204344e-006	2.959880e-002	4.888185e+000	2.967070e-004
5.242993464928402e-006	2.154718e-002	4.880744e+000	-4.388096e-004
5.249829402428402e-006	1.143171e-002	4.865525e+000	-1.235356e-003
5.256665339928402e-006	1.187228e-003	4.844705e+000	-1.922915e-003
5.263501277428402e-006	-8.658170e-003	4.819420e+000	-2.465537e-003
5.270337214928402e-006	-1.758276e-002	4.791281e+000	-2.838618e-003
5.277173152428402e-006	-2.513411e-002	4.761990e+000	-3.028050e-003
5.284009089928402e-006	-3.095038e-002	4.733251e+000	-3.030594e-003
5.290845027428402e-006	-3.477647e-002	4.706668e+000	-2.853597e-003
5.297680964928402e-006	-3.647429e-002	4.683661e+000	-2.514116e-003
5.304516902428403e-006	-3.602685e-002	4.665401e+000	-2.037521e-003
5.311352839928403e-006	-3.353580e-002	4.652745e+000	-1.455713e-003
5.318188777428403e-006	-2.921264e-002	4.646210e+000	-8.050698e-004
5.325024714928403e-006	-2.337818e-002	4.645866e+000	-1.238495e-004
5.331448757856103e-006	-1.682728e-002	4.651186e+000	5.091580e-004
5.338284695356103e-006	-9.138836e-003	4.662354e+000	1.139411e-003
5.345120632856103e-006	-1.183462e-003	4.678239e+000	1.693839e-003
5.351956570356103e-006	6.597174e-003	4.697903e+000	2.144441e-003
5.358792507856103e-006	1.377417e-002	4.720145e+000	2.470355e-003
5.365628445356103e-006	1.996944e-002	4.743672e+000	2.658337e-003
5.372464382856103e-006	2.487546e-002	4.767166e+000	2.703202e-003
5.379300320356103e-006	2.826993e-002	4.789362e+000	2.607820e-003
5.386136257856104e-006	3.002462e-002	4.809114e+000	2.382678e-003
5.392972195356104e-006	3.010841e-002	4.825453e+000	2.045042e-003
5.399808132856104e-006	2.858446e-002	4.837639e+000	1.617778e-003
5.406644070356104e-006	2.560227e-002	4.845187e+000	1.127887e-003
5.413480007856104e-006	2.138541e-002	4.847890e+000	6.048724e-004
5.420315945356104e-006	1.621845e-002	4.845839e+000	7.876835e-005
5.426995595096831e-006	1.055425e-002	4.839510e+000	-4.098271e-004
5.433831532596831e-006	4.467294e-003	4.829163e+000	-8.572987e-004
5.440667470096831e-006	-1.575010e-003	4.815726e+000	-1.231166e-003
5.447053552097604e-006	-6.877230e-003	4.801090e+000	-1.494991e-003
5.453889489597604e-006	-1.189878e-002	4.784149e+000	-1.674261e-003
5.460725427097604e-006	-1.602002e-002	4.766936e+000	-1.744683e-003
5.467561364597604e-006	-1.903978e-002	4.750422e+000	-1.705044e-003
5.474397302097604e-006	-2.083283e-002	4.735523e+000	-1.561894e-003
5.481233239597604e-006	-2.134572e-002	4.723035e+000	-1.327267e-003
5.488069177097604e-006	-2.059743e-002	4.713589e+000	-1.017789e-003
5.494905114597604e-006	-1.867593e-002	4.707621e+000	-6.535521e-004
5.501741052097604e-006	-1.573122e-002	4.705358e+000	-2.568686e-004
5.508576989597604e-006	-1.197010e-002	4.706777e+000	1.493278e-004
5.515102615229813e-006	-7.826760e-003	4.711468e+000	5.246216e-004
5.521938552729813e-006	-3.163242e-003	4.719442e+000	8.856525e-004
5.528009560370804e-006	1.036266e-003	4.728771e+000	1.162624e-003
5.534512336610531e-006	5.364794e-003	4.740629e+000	1.398701e-003
5.541348274110531e-006	9.503055e-003	4.754355e+000	1.572618e-003
5.548184211610531e-006	1.301599e-002	4.768638e+000	1.664010e-003
5.555020149110531e-006	1.572877e-002	4.782717e+000	1.670084e-003
5.561856086610531e-006	1.752184e-002	4.795853e+000	1.593705e-003
5.568692024110532e-006	1.833182e-002	4.807383e+000	1.442183e-003
5.575527961610532e-006	1.815260e-002	4.816762e+000	1.226714e-003
5.582363899110532e-006	1.703326e-002	4.823583e+000	9.616213e-004
5.589199836610532e-006	1.507290e-002	4.827597e+000	6.634492e-004
5.596035774110532e-006	1.241302e-002	4.828719e+000	3.499644e-004
5.602871711610532e-006	9.227925e-003	4.827027e+000	3.912244e-005
5.609707649110532e-006	5.713782e-003	4.822755e+000	-2.519416e-004
5.616543586610532e-006	2.069382e-003	4.816338e+000	-5.102736e-004
5.622122502963971e-006	-8.567289e-004	4.809733e+000	-6.852644e-004
5.628384918803727e-006	-3.928231e-003	4.801230e+000	-8.332265e-004
5.635220856303727e-006	-6.888631e-003	4.791302e+000	-9.357186e-004
5.642056793803727e-006	-9.305134e-003	4.781253e+000	-9.736355e-004
5.648892731303727e-006	-1.105846e-002	4.771654e+000	-9.461839e-004
5.655728668803727e-006	-1.207684e-002	4.763048e+000	-8.574479e-004
5.662564606303727e-006	-1.233166e-002	4.755905e+000	-7.147508e-004
5.669400543803727e-006	-1.183749e-002	4.750594e+000	-5.281185e-004
5.676236481303727e-006	-1.064984e-002	4.747367e+000	-3.096133e-004
5.683072418803727e-006	-8.860636e-003	4.746355e+000	-7.258607e-005
5.689908356303727e-006	-6.591883e-003	4.747557e+000	1.691128e-004
5.696744293803727e-006	-3.987784e-003	4.750852e+000	4.019156e-004
5.703580231303727e-006	-1.204135e-003	4.755962e+000	6.144500e-004
5.709540791606325e-006	1.249798e-003	4.761694e+000	7.743457e-004
5.715289649130885e-006	3.522925e-003	4.768156e+000	8.972387e-004
5.722125586630886e-006	5.984640e-003	4.776554e+000	1.000298e-003
5.728961524130886e-006	8.081889e-003	4.785264e+000	1.055368e-003
5.735797461630886e-006	9.704979e-003	4.793860e+000	1.059541e-003
5.742633399130886e-006	1.078207e-002	4.801899e+000	1.014496e-003
5.749469336630886e-006	1.127455e-002	4.808987e+000	9.245697e-004
5.756305274130886e-006	1.117781e-002	4.814795e+000	7.964231e-004
5.763141211630886e-006	1.052012e-002	4.819081e+000	6.385837e-004
5.769977149130886e-006	9.359712e-003	4.821692e+000	4.609063e-004
5.776813086630886e-006	7.780282e-003	4.822579e+000	2.739769e-004
5.783649024130886e-006	5.885461e-003	4.821786e+000	8.848541e-005
5.790466538901115e-006	3.797666e-003	4.819458e+000	-8.488875e-005
5.797302476401116e-006	1.628682e-003	4.815799e+000	-2.379121e-004
5.804138413901116e-006	-4.963246e-004	4.811103e+000	-3.629589e-004
5.810591113064701e-006	-2.353180e-003	4.805999e+000	-4.491375e-004
5.817427050564701e-006	-4.062837e-003	4.800225e+000	-5.030560e-004
5.824262988064701e-006	-5.431876e-003	4.794442e+000	-5.181188e-004
5.831098925564701e-006	-6.394740e-003	4.788992e+000	-4.945134e-004
5.837934863064701e-006	-6.913637e-003	4.784193e+000	-4.350590e-004
5.844770800564701e-006	-6.976713e-003	4.780314e+000	-3.444535e-004
5.851606738064701e-006	-6.597772e-003	4.777563e+000	-2.289384e-004
5.858442675564701e-006	-5.814590e-003	4.776077e+000	-9.589201e-005
5.865278613064701e-006	-4.686743e-003	4.775914e+000	4.663311e-005
5.872020956785169e-006	-3.308824e-003	4.777045e+000	1.884217e-004
5.878856894285169e-006	-1.729872e-003	4.779416e+000	3.254401e-004
5.885692831785169e-006	-6.341966e-005	4.782861e+000	4.484024e-004
5.892528769285169e-006	1.595290e-003	4.787181e+000	5.510118e-004
5.899364706785169e-006	3.154312e-003	4.792130e+000	6.283470e-004
5.906200644285169e-006	4.530768e-003	4.797440e+000	6.770717e-004
5.913036581785170e-006	5.655129e-003	4.802828e+000	6.955581e-004
5.919872519285170e-006	6.474580e-003	4.808022e+000	6.839133e-004
5.926708456785170e-006	6.955308e-003	4.812768e+000	6.439081e-004
5.933544394285170e-006	7.083636e-003	4.816848e+000	5.788171e-004
5.940380331785170e-006	6.865973e-003	4.820089e+000	4.931813e-004
5.947216269285170e-006	6.327663e-003	4.822371e+000	3.925097e-004
5.954052206785170e-006	5.510818e-003	4.823631e+000	2.829372e-004
5.960888144285170e-006	4.471319e-003	4.823866e+000	1.708612e-004
5.967724081785170e-006	3.275186e-003	4.823129e+000	6.257578e-005
5.974560019285170e-006	1.994531e-003	4.821524e+000	-3.607412e-005
5.981395956785170e-006	6.988036e-004	4.819225e+000	-1.210314e-004
5.986844568536962e-006	-2.941535e-004	4.816982e+000	-1.751062e-004
5.993035471460609e-006	-1.324011e-003	4.814127e+000	-2.186210e-004
5.999871408960609e-006	-2.299926e-003	4.810834e+000	-2.452469e-004
6.006707346460609e-006	-3.063987e-003	4.807587e+000	-2.488747e-004
6.013543283960609e-006	-3.578786e-003	4.804585e+000	-2.296946e-004
6.020379221460609e-006	-3.825366e-003	4.802010e+000	-1.896624e-004
6.027215158960609e-006	-3.800328e-003	4.800018e+000	-1.318150e-004
6.034051096460609e-006	-3.515439e-003	4.798722e+000	-6.005918e-005
6.040887033960609e-006	-2.996433e-003	4.798196e+000	2.107784e-005
6.047722971460609e-006	-2.283287e-003	4.798450e+000	1.067718e-004
6.054073727801309e-006	-1.483351e-003	4.799397e+000	1.861079e-004
6.060909665301309e-006	-5.270535e-004	4.801095e+000	2.671704e-004
6.066398885724019e-006	2.753163e-004	4.802924e+000	3.258081e-004
6.072569379395200e-006	1.172406e-003	4.805415e+000	3.814543e-004
6.079405316895200e-006	2.111083e-003	4.808526e+000	4.290593e-004
6.086241254395200e-006	2.946866e-003	4.811860e+000	4.600737e-004
6.093077191895200e-006	3.636517e-003	4.815259e+000	4.730731e-004
6.099913129395201e-006	4.147267e-003	4.818561e+000	4.680055e-004
6.106749066895201e-006	4.457545e-003	4.821610e+000	4.458213e-004
6.113585004395201e-006	4.557744e-003	4.824275e+000	4.083837e-004
6.120420941895201e-006	4.450284e-003	4.826449e+000	3.583310e-004
6.127256879395201e-006	4.149006e-003	4.828055e+000	2.989011e-004
6.134092816895201e-006	3.677959e-003	4.829052e+000	2.337297e-004
6.140928754395201e-006	3.069665e-003	4.829435e+000	1.666333e-004
6.147764691895201e-006	2.363827e-003	4.829242e+000	1.012283e-004
6.153960191143896e-006	1.673572e-003	4.828598e+000	4.662456e-005
6.160796128643896e-006	8.984126e-004	4.827450e+000	-5.486841e-006
6.167632066143896e-006	1.520475e-004	4.825970e+000	-4.697000e-005
6.174468003643896e-006	-5.261793e-004	4.824267e+000	-7.578880e-005
6.181303941143896e-006	-1.101390e-003	4.822470e+000	-9.084390e-005
6.188139878643896e-006	-1.545730e-003	4.820707e+000	-9.184168e-005
6.194975816143896e-006	-1.839645e-003	4.819100e+000	-7.927965e-005
6.201811753643896e-006	-1.972648e-003	4.817759e+000	-5.438836e-005
6.208647691143896e-006	-1.943562e-003	4.816772e+000	-1.903491e-005
6.215483628643896e-006	-1.760236e-003	4.816208e+000	2.440509e-005
6.222319566143896e-006	-1.438778e-003	4.816105e+000	7.319885e-005
6.229155503643896e-006	-1.002346e-003	4.816478e+000	1.244215e-004
6.235991441143896e-006	-4.796089e-004	4.817313e+000	1.751254e-004
6.242827378643896e-006	9.706130e-005	4.818572e+000	2.225044e-004
6.249663316143897e-006	6.935231e-004	4.820193e+000	2.640436e-004
6.256499253643897e-006	1.275832e-003	4.822099e+000	2.976474e-004
6.263335191143897e-006	1.812122e-003	4.824198e+000	3.217399e-004
6.270171128643897e-006	2.274296e-003	4.826391e+000	3.353318e-004
6.277007066143897e-006	2.639450e-003	4.828578e+000	3.380535e-004
6.283843003643897e-006	2.890940e-003	4.830664e+000	3.301519e-004
6.290678941143897e-006	3.019072e-003	4.832560e+000	3.124534e-004
6.297514878643897e-006	3.021367e-003	4.834195e+000	2.862964e-004
6.304350816143897e-006	2.902425e-003	4.835512e+000	2.534378e-004
6.311186753643897e-006	2.673392e-003	4.836475e+000	2.159396e-004
6.318022691143897e-006	2.351087e-003	4.837069e+000	1.760432e-004
6.324858628643897e-006	1.958018e-003	4.837310e+000	1.359406e-004
6.330819383074292e-006	1.574586e-003	4.837243e+000	1.025032e-004
6.336601173112345e-006	1.183126e-003	4.836940e+000	7.311127e-005
6.343437110612345e-006	7.209062e-004	4.836352e+000	4.353216e-005
6.350273048112345e-006	2.809854e-004	4.835589e+000	2.033720e-005
6.356314085402704e-006	-6.928269e-005	4.834815e+000	6.415155e-006
6.362778025034696e-006	-3.851440e-004	4.833948e+000	-9.472771e-007
6.369613962534696e-006	-6.418412e-004	4.833062e+000	-6.768292e-007
6.376449900034696e-006	-8.086411e-004	4.832276e+000	7.539495e-006
6.383285837534696e-006	-8.788314e-004	4.831655e+000	2.303974e-005
6.390121775034696e-006	-8.522682e-004	4.831251e+000	4.467238e-005
6.396957712534696e-006	-7.341780e-004	4.831102e+000	7.098975e-005
6.403793650034696e-006	-5.346657e-004	4.831231e+000	1.003397e-004
6.410629587534696e-006	-2.679714e-004	4.831645e+000	1.309649e-004
6.417465525034696e-006	4.847581e-005	4.832334e+000	1.611043e-004
6.424301462534696e-006	3.951455e-004	4.833272e+000	1.890911e-004
6.431137400034696e-006	7.515700e-004	4.834424e+000	2.134409e-004
6.437973337534697e-006	1.097517e-003	4.835741e+000	2.329278e-004
6.444809275034697e-006	1.414106e-003	4.837167e+000	2.466419e-004
6.451645212534697e-006	1.684804e-003	4.838643e+000	2.540279e-004
6.458481150034697e-006	1.896256e-003	4.840110e+000	2.549026e-004
6.465317087534697e-006	2.038906e-003	4.841510e+000	2.494509e-004
6.472153025034697e-006	2.107381e-003	4.842791e+000	2.382014e-004
6.478988962534697e-006	2.100628e-003	4.843912e+000	2.219844e-004
6.485824900034697e-006	2.021812e-003	4.844839e+000	2.018746e-004
6.492660837534697e-006	1.877971e-003	4.845552e+000	1.791216e-004
6.499496775034697e-006	1.679483e-003	4.846044e+000	1.550747e-004
6.506332712534697e-006	1.439359e-003	4.846318e+000	1.311036e-004
6.513168650034697e-006	1.172423e-003	4.846393e+000	1.085224e-004
6.520004587534697e-006	8.944200e-004	4.846293e+000	8.851766e-005
6.526840525034697e-006	6.211106e-004	4.846056e+000	7.208845e-005
6.533676462534697e-006	3.673951e-004	4.845723e+000	5.999728e-005
6.540512400034697e-006	1.465221e-004	4.845340e+000	5.273703e-005
6.547348337534698e-006	-3.173254e-005	4.844951e+000	5.041209e-005
6.553612469269036e-006	-1.486796e-004	4.844631e+000	5.273879e-005
6.560448406769036e-006	-2.208370e-004	4.844359e+000	5.981334e-005
6.567284344269036e-006	-2.358211e-004	4.844200e+000	7.085147e-005
6.574120281769036e-006	-1.944593e-004	4.844182e+000	8.515518e-005
6.580668237046182e-006	-1.051456e-004	4.844316e+000	1.011018e-004
6.587504174546182e-006	3.289031e-005	4.844623e+000	1.190889e-004
6.594340112046182e-006	2.063564e-004	4.845098e+000	1.373639e-004
6.601176049546182e-006	4.047089e-004	4.845732e+000	1.549083e-004
6.608011987046182e-006	6.159208e-004	4.846508e+000	1.707635e-004
6.614847924546183e-006	8.277073e-004	4.847399e+000	1.841014e-004
6.621683862046183e-006	1.028218e-003	4.848374e+000	1.942647e-004
6.628519799546183e-006	1.206679e-003	4.849401e+000	2.007973e-004
6.635355737046183e-006	1.353950e-003	4.850441e+000	2.034619e-004
6.642191674546183e-006	1.462968e-003	4.851460e+000	2.022446e-004
6.649027612046183e-006	1.529066e-003	4.852426e+000	1.973475e-004
6.655863549546183e-006	1.550132e-003	4.853308e+000	1.891694e-004
6.662699487046183e-006	1.526638e-003	4.854084e+000	1.782758e-004
6.669535424546183e-006	1.461509e-003	4.854738e+000	1.653619e-004
6.676371362046183e-006	1.359869e-003	4.855260e+000	1.512084e-004
6.683207299546183e-006	1.228674e-003	4.855650e+000	1.366354e-004
6.690043237046183e-006	1.076252e-003	4.855912e+000	1.224553e-004
6.696879174546183e-006	9.117965e-004	4.856061e+000	1.094279e-004
6.703715112046183e-006	7.442257e-004	4.856117e+000	9.807455e-005
6.708991710455098e-006	6.188591e-004	4.856108e+000	9.093898e-005
6.715001020143835e-006	4.872200e-004	4.856055e+000	8.498073e-005
6.721836957643835e-006	3.569531e-004	4.855973e+000	8.089745e-005
6.728672895143835e-006	2.528896e-004	4.855891e+000	7.975148e-005
6.735508832643835e-006	1.791384e-004	4.855835e+000	8.148346e-005
6.741485658344482e-006	1.432593e-004	4.855827e+000	8.530875e-005
6.748031228929567e-006	1.361125e-004	4.855882e+000	9.171033e-005
6.754867166429567e-006	1.612611e-004	4.856022e+000	1.002547e-004
6.761703103929567e-006	2.173884e-004	4.856257e+000	1.101852e-004
6.768539041429567e-006	3.004942e-004	4.856594e+000	1.209090e-004
6.775374978929567e-006	4.048750e-004	4.857032e+000	1.317891e-004
6.782210916429567e-006	5.238624e-004	4.857565e+000	1.422039e-004
6.789046853929567e-006	6.502297e-004	4.858181e+000	1.515814e-004
6.795882791429567e-006	7.766147e-004	4.858867e+000	1.594288e-004
6.802718728929567e-006	8.959330e-004	4.859602e+000	1.653568e-004
6.809554666429567e-006	1.001762e-003	4.860366e+000	1.690976e-004
6.816390603929567e-006	1.088670e-003	4.861137e+000	1.705147e-004
6.823226541429568e-006	1.152484e-003	4.861895e+000	1.696059e-004
6.830062478929568e-006	1.190472e-003	4.862618e+000	1.664983e-004
6.836898416429568e-006	1.201436e-003	4.863292e+000	1.614360e-004
6.843734353929568e-006	1.185728e-003	4.863901e+000	1.547626e-004
6.850570291429568e-006	1.145164e-003	4.864436e+000	1.468981e-004
6.857406228929568e-006	1.082873e-003	4.864891e+000	1.383127e-004
6.864242166429568e-006	1.003069e-003	4.865267e+000	1.294990e-004
6.871078103929568e-006	9.107815e-004	4.865567e+000	1.209436e-004
6.877914041429568e-006	8.115390e-004	4.865798e+000	1.131004e-004
6.884749978929568e-006	7.110479e-004	4.865972e+000	1.063665e-004
6.891585916429568e-006	6.148678e-004	4.866103e+000	1.010627e-004
6.898421853929568e-006	5.281086e-004	4.866208e+000	9.741804e-005
6.905257791429568e-006	4.551639e-004	4.866301e+000	9.556091e-005
6.912093728929568e-006	3.994950e-004	4.866401e+000	9.551565e-005
6.918929666429568e-006	3.634734e-004	4.866522e+000	9.720509e-005
6.925765603929568e-006	3.482907e-004	4.866679e+000	1.004588e-004
6.932601541429568e-006	3.539372e-004	4.866882e+000	1.050258e-004
6.939437478929569e-006	3.792472e-004	4.867141e+000	1.105921e-004
6.946273416429569e-006	4.220083e-004	4.867459e+000	1.167998e-004
6.953109353929569e-006	4.791227e-004	4.867838e+000	1.232692e-004
6.959945291429569e-006	5.468134e-004	4.868277e+000	1.296204e-004
6.966781228929569e-006	6.208590e-004	4.868768e+000	1.354945e-004
6.973617166429569e-006	6.968454e-004	4.869305e+000	1.405726e-004
6.980453103929569e-006	7.704176e-004	4.869877e+000	1.445922e-004
6.987289041429569e-006	8.375201e-004	4.870471e+000	1.473595e-004
6.994124978929569e-006	8.974383e-004	4.871076e+000	1.490618e-004
6.999124978929567e-006	9.320554e-004	4.871520e+000	1.492289e-004
7.000000000000000e-006	9.373303e-004	4.871597e+000	1.491782e-004
