time	V(vout)	V(n005)	I(D1)
0.000000000000000e+000	8.892570e-003	3.300000e+000	4.111923e-001
1.508828950581066e-012	8.892570e-003	3.295021e+000	4.111923e-001
3.017657901162131e-012	8.892570e-003	3.290042e+000	4.111923e-001
4.526486851743197e-012	8.892570e-003	3.285063e+000	4.111923e-001
6.035315802324263e-012	8.892570e-003	3.280083e+000	4.111923e-001
7.544144752905329e-012	8.892570e-003	3.275104e+000	4.111923e-001
9.052973703486393e-012	8.892570e-003	3.270125e+000	4.111923e-001
1.056180265406746e-011	8.892570e-003	3.265146e+000	4.111923e-001
1.571627122282733e-011	8.892570e-003	3.248136e+000	4.111923e-001
2.044695857491339e-011	8.892570e-003	3.232525e+000	4.111923e-001
2.550657104900410e-011	8.892569e-003	3.215828e+000	4.111923e-001
3.190228830318521e-011	8.892567e-003	3.194722e+000	4.111923e-001
3.989691079915231e-011	8.892563e-003	3.168340e+000	4.111923e-001
5.010730726840188e-011	8.892557e-003	3.134646e+000	4.111923e-001
6.292740088066810e-011	8.892542e-003	3.092340e+000	4.111923e-001
7.931187140187258e-011	8.892511e-003	3.038271e+000	4.111923e-001
1.001470904629165e-010	8.892448e-003	2.969515e+000	4.111923e-001
1.270598010247991e-010	8.892318e-003	2.880703e+000	4.111923e-001
1.619583159793241e-010	8.892052e-003	2.765538e+000	4.111923e-001
2.080912770074965e-010	8.891496e-003	2.613299e+000	4.111923e-001
2.701706989137157e-010	8.890320e-003	2.408437e+000	4.111923e-001
3.568935324569544e-010	8.887736e-003	2.122251e+000	4.111923e-001
4.857697112018517e-010	8.881642e-003	1.696960e+000	4.111923e-001
7.110053007324891e-010	8.865642e-003	9.536825e-001	4.111923e-001
1.000000000000000e-009	8.839493e-003	0.000000e+000	4.111923e-001
1.028899469926751e-009	8.836202e-003	0.000000e+000	4.111923e-001
1.086698409780253e-009	8.829603e-003	0.000000e+000	4.111923e-001
1.202296289487258e-009	8.816828e-003	0.000000e+000	4.111923e-001
1.411357931440812e-009	8.796057e-003	0.000000e+000	4.111923e-001
1.618505001001407e-009	8.779531e-003	0.000000e+000	4.111923e-001
1.835097663875111e-009	8.767426e-003	0.000000e+000	4.111923e-001
2.047211722533345e-009	8.760379e-003	0.000000e+000	4.111923e-001
2.300059758310649e-009	8.756804e-003	0.000000e+000	4.111923e-001
2.584896098942381e-009	8.756962e-003	0.000000e+000	4.111923e-001
2.954895967787727e-009	8.761021e-003	0.000000e+000	4.111923e-001
3.429507435064014e-009	8.769094e-003	0.000000e+000	4.111923e-001
4.190069003776759e-009	8.783987e-003	0.000000e+000	4.111924e-001
5.103191817425666e-009	8.802331e-003	0.000000e+000	4.111924e-001
6.772298185845203e-009	8.835869e-003	0.000000e+000	4.111925e-001
8.580399362495924e-009	8.872405e-003	0.000000e+000	4.111926e-001
1.219660171579736e-008	8.946527e-003	0.000000e+000	4.111926e-001
1.942900642240024e-008	9.098132e-003	0.000000e+000	4.111922e-001
2.919463142240024e-008	9.309197e-003	0.000000e+000	4.111904e-001
4.872588142240024e-008	9.756288e-003	0.000000e+000	4.111817e-001
5.849150642240024e-008	9.993832e-003	0.000000e+000	4.111746e-001
7.802275642240024e-008	1.049974e-002	0.000000e+000	4.111551e-001
1.073196314224002e-007	1.134555e-002	0.000000e+000	4.111131e-001
1.268508814224002e-007	1.197646e-002	0.000000e+000	4.110768e-001
1.463821314224002e-007	1.266979e-002	0.000000e+000	4.110339e-001
1.659133814224002e-007	1.343473e-002	0.000000e+000	4.109840e-001
1.854446314224002e-007	1.428237e-002	0.000000e+000	4.109269e-001
2.049758814224002e-007	1.522621e-002	0.000000e+000	4.108621e-001
2.245071314224002e-007	1.628283e-002	0.000000e+000	4.107888e-001
2.342727564224002e-007	1.685970e-002	0.000000e+000	4.107487e-001
2.440383814224002e-007	1.747287e-002	0.000000e+000	4.107062e-001
2.538040064224002e-007	1.812578e-002	0.000000e+000	4.106610e-001
2.635696314224003e-007	1.882228e-002	0.000000e+000	4.106130e-001
2.733352564224003e-007	1.956673e-002	0.000000e+000	4.105619e-001
2.831008814224003e-007	2.036410e-002	0.000000e+000	4.105077e-001
2.928665064224003e-007	2.122004e-002	0.000000e+000	4.104499e-001
3.026321314224004e-007	2.214105e-002	0.000000e+000	4.103884e-001
3.123977564224004e-007	2.313456e-002	0.000000e+000	4.103227e-001
3.221633814224004e-007	2.420917e-002	0.000000e+000	4.102526e-001
3.319290064224004e-007	2.537485e-002	0.000000e+000	4.101775e-001
3.416946314224005e-007	2.664319e-002	0.000000e+000	4.100970e-001
3.514602564224005e-007	2.802776e-002	0.000000e+000	4.100105e-001
3.612258814224005e-007	2.954450e-002	0.000000e+000	4.099174e-001
3.709915064224005e-007	3.121220e-002	0.000000e+000	4.098169e-001
3.807571314224006e-007	3.305317e-002	0.000000e+000	4.097081e-001
3.905227564224006e-007	3.509399e-002	0.000000e+000	4.095902e-001
4.002883814224006e-007	3.736648e-002	0.000000e+000	4.094617e-001
4.100540064224006e-007	3.990897e-002	0.000000e+000	4.093214e-001
4.198196314224007e-007	4.276786e-002	0.000000e+000	4.091675e-001
4.295852564224007e-007	4.599970e-002	0.000000e+000	4.089982e-001
4.393508814224007e-007	4.967383e-002	0.000000e+000	4.088110e-001
4.491165064224007e-007	5.387599e-002	0.000000e+000	4.086032e-001
4.588821314224008e-007	5.871322e-002	0.000000e+000	4.083713e-001
4.686477564224008e-007	6.432070e-002	0.000000e+000	4.081111e-001
4.784133814224008e-007	7.087163e-002	0.000000e+000	4.078175e-001
4.881790064224008e-007	7.859189e-002	0.000000e+000	4.074842e-001
4.979446314224009e-007	8.778232e-002	0.000000e+000	4.071031e-001
5.077102564224009e-007	9.885314e-002	0.000000e+000	4.066640e-001
5.174758814224009e-007	1.123771e-001	0.000000e+000	4.061535e-001
5.272415064224009e-007	1.291682e-001	0.000000e+000	4.055539e-001
5.370071314224010e-007	1.503806e-001	0.000000e+000	4.048414e-001
5.467727564224010e-007	1.764453e-001	0.000000e+000	4.039852e-001
5.565383814224010e-007	2.056692e-001	0.000000e+000	4.029546e-001
5.663040064224011e-007	2.357978e-001	0.000000e+000	4.017306e-001
5.760696314224011e-007	2.660323e-001	0.000000e+000	4.003111e-001
5.858352564224011e-007	2.963866e-001	0.000000e+000	3.987051e-001
5.956008814224011e-007	3.268749e-001	0.000000e+000	3.969249e-001
6.053665064224012e-007	3.575117e-001	0.000000e+000	3.949830e-001
6.151321314224012e-007	3.883126e-001	0.000000e+000	3.928906e-001
6.248977564224012e-007	4.192934e-001	0.000000e+000	3.906583e-001
6.444290064224013e-007	4.818628e-001	0.000000e+000	3.858107e-001
6.639602564224013e-007	5.453646e-001	0.000000e+000	3.805056e-001
6.834915064224014e-007	6.099608e-001	0.000000e+000	3.747958e-001
7.127883814224014e-007	7.093130e-001	0.000000e+000	3.655608e-001
7.420852564224015e-007	8.122698e-001	0.000000e+000	3.556079e-001
7.602214171366873e-007	8.773195e-001	0.000000e+000	3.491302e-001
7.783575778509730e-007	9.451705e-001	0.000000e+000	3.423959e-001
7.964937385652588e-007	1.015823e+000	0.000000e+000	3.354048e-001
8.146298992795445e-007	1.089276e+000	0.000000e+000	3.281571e-001
8.327660599938303e-007	1.165531e+000	0.000000e+000	3.206527e-001
8.509022207081161e-007	1.244588e+000	0.000000e+000	3.128915e-001
8.690383814224018e-007	1.326445e+000	0.000000e+000	3.048737e-001
8.983352564224019e-007	1.469614e+000	0.000000e+000	2.912048e-001
9.276321314224020e-007	1.626416e+000	0.000000e+000	2.765899e-001
9.569290064224021e-007	1.799338e+000	0.000000e+000	2.608692e-001
9.862258814224022e-007	1.990835e+000	0.000000e+000	2.438576e-001
1.015522756422402e-006	2.203079e+000	0.000000e+000	2.253566e-001
1.035054006422402e-006	2.356928e+000	0.000000e+000	2.120983e-001
1.054585256422402e-006	2.521001e+000	0.000000e+000	1.980395e-001
1.074116506422402e-006	2.695353e+000	0.000000e+000	1.831383e-001
1.093647756422402e-006	2.879765e+000	0.000000e+000	1.673672e-001
1.103413381422403e-006	2.975584e+000	0.000000e+000	1.591524e-001
1.113179006422403e-006	3.073677e+000	0.000000e+000	1.507195e-001
1.122944631422403e-006	3.173901e+000	0.000000e+000	1.420724e-001
1.132710256422403e-006	3.276081e+000	0.000000e+000	1.332170e-001
1.142475881422403e-006	3.379991e+000	0.000000e+000	1.241623e-001
1.152241506422403e-006	3.485352e+000	0.000000e+000	1.149206e-001
1.162007131422403e-006	3.591808e+000	0.000000e+000	1.055084e-001
1.171772756422403e-006	3.698907e+000	0.000000e+000	9.594698e-002
1.181538381422403e-006	3.806058e+000	0.000000e+000	8.626381e-002
1.191304006422403e-006	3.912467e+000	0.000000e+000	7.649405e-002
1.201069631422403e-006	4.017023e+000	0.000000e+000	6.668270e-002
1.210835256422403e-006	4.118081e+000	0.000000e+000	5.688784e-002
1.220600881422403e-006	4.213015e+000	0.000000e+000	4.718538e-002
1.230366506422403e-006	4.297164e+000	0.000000e+000	3.767753e-002
1.240132131422403e-006	4.361103e+000	0.000000e+000	2.850910e-002
1.249897756422403e-006	4.384166e+000	0.000000e+000	1.990328e-002
1.259663381422403e-006	4.341800e+000	0.000000e+000	1.207327e-002
1.265902716901472e-006	4.256224e+000	0.000000e+000	7.766862e-003
1.272782460628027e-006	4.098248e+000	0.000000e+000	4.013561e-003
1.279891555476077e-006	3.898592e+000	0.000000e+000	1.378195e-003
1.287535407966314e-006	3.686910e+000	0.000000e+000	5.369317e-005
1.294655418594390e-006	3.528863e+000	0.000000e+000	1.033713e-004
1.299698290657254e-006	3.456880e+000	0.000000e+000	8.203594e-004
1.302812632309471e-006	3.438524e+000	0.000000e+000	1.532589e-003
1.306537549618792e-006	3.444580e+000	0.000000e+000	2.559669e-003
1.310254822905819e-006	3.479155e+000	0.000000e+000	3.658243e-003
1.316056792697075e-006	3.580079e+000	0.000000e+000	5.338320e-003
1.322104580362828e-006	3.729422e+000	0.000000e+000	6.791070e-003
1.330115209296508e-006	3.964147e+000	0.000000e+000	7.941367e-003
1.338279498805075e-006	4.194509e+000	0.000000e+000	8.003766e-003
1.347289232983071e-006	4.394737e+000	0.000000e+000	6.853831e-003
1.352605010299336e-006	4.466260e+000	0.000000e+000	5.639468e-003
1.356201015420198e-006	4.483603e+000	0.000000e+000	4.601543e-003
1.359183811065737e-006	4.477551e+000	0.000000e+000	3.673967e-003
1.362764885574719e-006	4.448530e+000	0.000000e+000	2.554100e-003
1.367184296450658e-006	4.386398e+000	0.000000e+000	1.261356e-003
1.373103856207120e-006	4.271798e+000	0.000000e+000	-1.731487e-004
1.380000618545356e-006	4.117329e+000	0.000000e+000	-1.266792e-003
1.387104646781203e-006	3.961926e+000	0.000000e+000	-1.628319e-003
1.393795835401002e-006	3.843377e+000	0.000000e+000	-1.245123e-003
1.399431145773778e-006	3.777533e+000	0.000000e+000	-4.467381e-004
1.402898629233267e-006	3.759498e+000	0.000000e+000	2.358265e-004
1.406500921508545e-006	3.762082e+000	0.000000e+000	1.053045e-003
1.410023785200690e-006	3.784945e+000	0.000000e+000	1.884867e-003
1.415610661818043e-006	3.854348e+000	0.000000e+000	3.151375e-003
1.421510062405258e-006	3.959492e+000	0.000000e+000	4.254945e-003
1.429338591478610e-006	4.126803e+000	0.000000e+000	5.160621e-003
1.436912464796087e-006	4.285294e+000	0.000000e+000	5.290286e-003
1.445597411776183e-006	4.431638e+000	0.000000e+000	4.576537e-003
1.451322600742850e-006	4.492347e+000	0.000000e+000	3.678562e-003
1.455045190297934e-006	4.508017e+000	0.000000e+000	2.923297e-003
1.458023863217941e-006	4.504799e+000	0.000000e+000	2.264204e-003
1.461623298342277e-006	4.484260e+000	0.000000e+000	1.459984e-003
1.465981271383291e-006	4.439577e+000	0.000000e+000	5.472983e-004
1.471871043117216e-006	4.354871e+000	0.000000e+000	-4.771066e-004
1.478642036181664e-006	4.240295e+000	0.000000e+000	-1.258387e-003
1.485222166962522e-006	4.128339e+000	0.000000e+000	-1.526385e-003
1.491216254762072e-006	4.041801e+000	0.000000e+000	-1.309035e-003
1.496980884886216e-006	3.983333e+000	0.000000e+000	-7.337920e-004
1.501425693108896e-006	3.959571e+000	0.000000e+000	-9.638393e-005
1.504766717372929e-006	3.956979e+000	0.000000e+000	4.688482e-004
1.507920918484894e-006	3.968403e+000	0.000000e+000	1.035633e-003
1.512894870902492e-006	4.007957e+000	0.000000e+000	1.913151e-003
1.518486509123129e-006	4.076092e+000	0.000000e+000	2.772470e-003
1.525748381177869e-006	4.188425e+000	0.000000e+000	3.564999e-003
1.532661351713629e-006	4.301302e+000	0.000000e+000	3.860591e-003
1.540688889522163e-006	4.414722e+000	0.000000e+000	3.586774e-003
1.548787921884197e-006	4.493698e+000	0.000000e+000	2.792678e-003
1.553324110796552e-006	4.514973e+000	0.000000e+000	2.153653e-003
1.556240105775004e-006	4.514802e+000	0.000000e+000	1.680826e-003
1.560253682773225e-006	4.499583e+000	0.000000e+000	1.014515e-003
1.564231808275036e-006	4.470405e+000	0.000000e+000	3.930619e-004
1.570371227447082e-006	4.405220e+000	0.000000e+000	-4.134555e-004
1.576717849115374e-006	4.324680e+000	0.000000e+000	-9.886933e-004
1.582693892084063e-006	4.246061e+000	0.000000e+000	-1.217514e-003
1.588155009516843e-006	4.181608e+000	0.000000e+000	-1.135140e-003
1.593144839867187e-006	4.136074e+000	0.000000e+000	-8.276430e-004
1.597791576739393e-006	4.109124e+000	0.000000e+000	-3.768454e-004
1.601751655344448e-006	4.100174e+000	0.000000e+000	1.013909e-004
1.605636937317777e-006	4.104897e+000	0.000000e+000	6.212259e-004
1.609541819814428e-006	4.123375e+000	0.000000e+000	1.150888e-003
1.615228533440389e-006	4.169409e+000	0.000000e+000	1.864316e-003
1.621025043839995e-006	4.232430e+000	0.000000e+000	2.441907e-003
1.627751608077550e-006	4.316336e+000	0.000000e+000	2.835270e-003
1.634594555630306e-006	4.398641e+000	0.000000e+000	2.875743e-003
1.642403269562366e-006	4.474509e+000	0.000000e+000	2.514548e-003
1.648286902260471e-006	4.511585e+000	0.000000e+000	2.005510e-003
1.652152030359540e-006	4.522224e+000	0.000000e+000	1.572944e-003
1.655128002987812e-006	4.521264e+000	0.000000e+000	1.207105e-003
1.658762360132030e-006	4.510336e+000	0.000000e+000	7.547865e-004
1.663066467043326e-006	4.486049e+000	0.000000e+000	2.523978e-004
1.668953186150254e-006	4.438542e+000	0.000000e+000	-3.188193e-004
1.675625253847402e-006	4.374260e+000	0.000000e+000	-7.567408e-004
1.681467593233665e-006	4.316123e+000	0.000000e+000	-9.130407e-004
1.686429036587593e-006	4.271375e+000	0.000000e+000	-8.536879e-004
1.690734627700903e-006	4.239991e+000	0.000000e+000	-6.645580e-004
1.694349831658165e-006	4.220762e+000	0.000000e+000	-4.210144e-004
1.697019664444699e-006	4.211859e+000	0.000000e+000	-1.973421e-004
1.699772386481722e-006	4.208261e+000	0.000000e+000	6.432962e-005
1.703354292095617e-006	4.210936e+000	0.000000e+000	4.291888e-004
1.706897375918008e-006	4.221312e+000	0.000000e+000	7.986172e-004
1.710788329305021e-006	4.241566e+000	0.000000e+000	1.190312e-003
1.715572558249549e-006	4.276453e+000	0.000000e+000	1.616064e-003
1.721006284533123e-006	4.324911e+000	0.000000e+000	1.982268e-003
1.727261795156937e-006	4.385242e+000	0.000000e+000	2.205793e-003
1.734075961795809e-006	4.446394e+000	0.000000e+000	2.183322e-003
1.741705534636442e-006	4.500182e+000	0.000000e+000	1.873159e-003
1.747100803436301e-006	4.524093e+000	0.000000e+000	1.501004e-003
1.750755476390844e-006	4.530616e+000	0.000000e+000	1.185556e-003
1.753847122811723e-006	4.529318e+000	0.000000e+000	8.969039e-004
1.757097807979488e-006	4.521445e+000	0.000000e+000	5.923650e-004
1.761783452153259e-006	4.500877e+000	0.000000e+000	1.827564e-004
1.767428446540253e-006	4.466038e+000	0.000000e+000	-2.208914e-004
1.774507386333531e-006	4.414178e+000	0.000000e+000	-5.520685e-004
1.780314442638237e-006	4.370702e+000	0.000000e+000	-6.528139e-004
1.784883319832244e-006	4.339783e+000	0.000000e+000	-6.008015e-004
1.788745210854647e-006	4.318263e+000	0.000000e+000	-4.711577e-004
1.791533027267029e-006	4.306733e+000	0.000000e+000	-3.307531e-004
1.795070929550878e-006	4.297788e+000	0.000000e+000	-1.068687e-004
1.799025610177533e-006	4.294758e+000	0.000000e+000	1.795471e-004
1.803146025672558e-006	4.299654e+000	0.000000e+000	5.004309e-004
1.807424145195080e-006	4.313079e+000	0.000000e+000	8.344893e-004
1.811820382696011e-006	4.334702e+000	0.000000e+000	1.151765e-003
1.816640921996820e-006	4.365421e+000	0.000000e+000	1.437505e-003
1.822349548031629e-006	4.406870e+000	0.000000e+000	1.661070e-003
1.828673471290074e-006	4.452936e+000	0.000000e+000	1.739611e-003
1.835824623388357e-006	4.497081e+000	0.000000e+000	1.611869e-003
1.843701922694656e-006	4.530738e+000	0.000000e+000	1.267833e-003
1.848315993756200e-006	4.540506e+000	0.000000e+000	9.865924e-004
1.851248453649316e-006	4.540682e+000	0.000000e+000	7.820015e-004
1.855195228479809e-006	4.534455e+000	0.000000e+000	5.009159e-004
1.859207945215401e-006	4.521925e+000	0.000000e+000	2.330762e-004
1.865290927175168e-006	4.494211e+000	0.000000e+000	-1.059285e-004
1.871652794964561e-006	4.459382e+000	0.000000e+000	-3.499814e-004
1.877159024764637e-006	4.427804e+000	0.000000e+000	-4.427142e-004
1.881839702009173e-006	4.402960e+000	0.000000e+000	-4.226179e-004
1.885830396653953e-006	4.385066e+000	0.000000e+000	-3.366153e-004
1.888749613951027e-006	4.375099e+000	0.000000e+000	-2.335576e-004
1.892446897981108e-006	4.366933e+000	0.000000e+000	-6.362210e-005
1.896205696336339e-006	4.363545e+000	0.000000e+000	1.379768e-004
1.900007313761707e-006	4.365526e+000	0.000000e+000	3.610211e-004
1.903816915252201e-006	4.372851e+000	0.000000e+000	5.901008e-004
1.907728673153684e-006	4.385396e+000	0.000000e+000	8.168130e-004
1.911523845938437e-006	4.401931e+000	0.000000e+000	1.011399e-003
1.916836933774801e-006	4.429815e+000	0.000000e+000	1.223082e-003
1.922460676425407e-006	4.461675e+000	0.000000e+000	1.351175e-003
1.929333965886402e-006	4.498819e+000	0.000000e+000	1.359154e-003
1.936489517662573e-006	4.530267e+000	0.000000e+000	1.214058e-003
1.942310599774914e-006	4.547299e+000	0.000000e+000	9.954139e-004
1.946330428043301e-006	4.552994e+000	0.000000e+000	8.011464e-004
1.949151413329279e-006	4.553094e+000	0.000000e+000	6.509113e-004
1.953231742091883e-006	4.548372e+000	0.000000e+000	4.301174e-004
1.957149778442979e-006	4.539232e+000	0.000000e+000	2.316924e-004
1.963306882076677e-006	4.518113e+000	0.000000e+000	-2.871269e-005
1.969551055015780e-006	4.492342e+000	0.000000e+000	-2.107141e-004
1.975038534645277e-006	4.468578e+000	0.000000e+000	-2.807657e-004
1.979798240239174e-006	4.449533e+000	0.000000e+000	-2.647800e-004
1.983901178525536e-006	4.435777e+000	0.000000e+000	-1.960562e-004
1.987050721271027e-006	4.427809e+000	0.000000e+000	-1.101339e-004
1.990449103606709e-006	4.422281e+000	0.000000e+000	9.615601e-006
1.993884158373995e-006	4.419691e+000	0.000000e+000	1.492657e-004
1.996330982934908e-006	4.419685e+000	0.000000e+000	2.570440e-004
1.997393523761383e-006	4.420340e+000	0.000000e+000	3.057719e-004
1.998874918347050e-006	4.421898e+000	0.000000e+000	3.747924e-004
1.999874918347050e-006	4.423213e+000	0.000000e+000	4.215787e-004
2.000000000000000e-006	4.423402e+000	0.000000e+000	4.274371e-004
2.000250163305900e-006	4.423810e+000	0.000000e+000	4.391481e-004
2.000357282833628e-006	4.423987e+000	0.000000e+000	4.441619e-004
2.000464402361357e-006	4.424168e+000	0.000000e+000	4.491729e-004
2.000571521889086e-006	4.424352e+000	0.000000e+000	4.541809e-004
2.000678641416814e-006	4.424539e+000	0.000000e+000	4.591861e-004
2.000785760944543e-006	4.424731e+000	0.000000e+000	4.641884e-004
2.000892880472272e-006	4.424925e+000	0.000000e+000	4.691879e-004
2.001000000000000e-006	4.425124e+000	0.000000e+000	4.741844e-004
2.001002577912064e-006	4.425128e+000	8.507110e-003	4.743046e-004
2.001005524097280e-006	4.425134e+000	1.822952e-002	4.744420e-004
2.001011416467711e-006	4.425145e+000	3.767435e-002	4.747167e-004
2.001023201208574e-006	4.425167e+000	7.656399e-002	4.752660e-004
2.001041180435515e-006	4.425201e+000	1.358954e-001	4.761041e-004
2.001057752953667e-006	4.425232e+000	1.905847e-001	4.768765e-004
2.001078828063486e-006	4.425272e+000	2.601326e-001	4.778587e-004
2.001101352063412e-006	4.425314e+000	3.344618e-001	4.789082e-004
2.001131736677839e-006	4.425373e+000	4.347310e-001	4.803236e-004
2.001168117571876e-006	4.425445e+000	5.547880e-001	4.820180e-004
2.001218239027917e-006	4.425548e+000	7.201888e-001	4.843515e-004
2.001283255966042e-006	4.425692e+000	9.347447e-001	4.873771e-004
2.001377285205119e-006	4.425927e+000	1.245041e+000	4.917501e-004
2.001464574884188e-006	4.426183e+000	1.533097e+000	4.958067e-004
2.001553799804461e-006	4.426499e+000	1.827539e+000	4.999498e-004
2.001648860233172e-006	4.426917e+000	2.141239e+000	5.043593e-004
2.001778920649937e-006	4.427609e+000	2.570438e+000	5.103861e-004
2.001832498348748e-006	4.427946e+000	2.747245e+000	5.128662e-004
2.001892844602377e-006	4.428392e+000	2.946387e+000	5.156563e-004
2.002000000000000e-006	4.429267e+000	3.300000e+000	5.206064e-004
2.002032146619287e-006	4.429573e+000	3.300000e+000	5.220892e-004
2.002075008778336e-006	4.430011e+000	3.300000e+000	5.240644e-004
2.002160733096434e-006	4.430992e+000	3.300000e+000	5.280080e-004
2.002332181732631e-006	4.433302e+000	3.300000e+000	5.358654e-004
2.002601555106860e-006	4.437631e+000	3.300000e+000	5.481229e-004
2.002916141374127e-006	4.443518e+000	3.300000e+000	5.622592e-004
2.003275950312796e-006	4.451013e+000	3.300000e+000	5.780925e-004
2.003703085219519e-006	4.460460e+000	3.300000e+000	5.962522e-004
2.004244847912753e-006	4.472756e+000	3.300000e+000	6.181062e-004
2.004807650928720e-006	4.485597e+000	3.300000e+000	6.389216e-004
2.005600574465174e-006	4.503594e+000	3.300000e+000	6.639836e-004
2.006751899455285e-006	4.529305e+000	3.300000e+000	6.882972e-004
2.009054549435508e-006	4.578780e+000	3.300000e+000	6.915351e-004
2.012565833168545e-006	4.648542e+000	3.300000e+000	5.914317e-004
2.016393865451630e-006	4.714507e+000	3.300000e+000	3.371852e-004
2.020227231482341e-006	4.764500e+000	3.300000e+000	-7.875682e-005
2.025587497312064e-006	4.801325e+000	3.300000e+000	-8.534527e-004
2.031079040529339e-006	4.787045e+000	3.300000e+000	-1.750621e-003
2.036487825889451e-006	4.702610e+000	3.300000e+000	-2.573700e-003
2.042300414423660e-006	4.544521e+000	3.300000e+000	-3.160229e-003
2.047752424688986e-006	4.368489e+000	3.300000e+000	-3.176525e-003
2.055018341757658e-006	4.138330e+000	3.300000e+000	-2.318576e-003
2.060891386030704e-006	3.968715e+000	3.300000e+000	-8.492315e-004
2.068836014602991e-006	3.758057e+000	3.300000e+000	2.179798e-003
2.077036672217756e-006	3.552292e+000	3.300000e+000	6.277574e-003
2.086802297217756e-006	3.318776e+000	3.300000e+000	1.223238e-002
2.096567922217756e-006	3.096886e+000	3.300000e+000	1.908094e-002
2.106333547217756e-006	2.887440e+000	3.300000e+000	2.665774e-002
2.116099172217756e-006	2.690522e+000	3.300000e+000	3.485665e-002
2.125864797217756e-006	2.505995e+000	3.300000e+000	4.382000e-002
2.135630422217756e-006	2.333560e+000	3.300000e+000	5.403489e-002
2.145396047217756e-006	2.172854e+000	3.300000e+000	6.599104e-002
2.155161672217756e-006	2.023490e+000	3.300000e+000	7.932854e-002
2.164927297217756e-006	1.885027e+000	3.300000e+000	9.262999e-002
2.174692922217756e-006	1.756889e+000	3.300000e+000	1.045884e-001
2.184458547217756e-006	1.638315e+000	3.300000e+000	1.150228e-001
2.194224172217756e-006	1.528403e+000	3.300000e+000	1.245120e-001
2.203989797217756e-006	1.426194e+000	3.300000e+000	1.336204e-001
2.213755422217756e-006	1.330748e+000	3.300000e+000	1.426472e-001
2.223521047217756e-006	1.241192e+000	3.300000e+000	1.517020e-001
2.233286672217756e-006	1.156737e+000	3.300000e+000	1.608006e-001
2.243052297217756e-006	1.076690e+000	3.300000e+000	1.699221e-001
2.252817922217756e-006	1.000446e+000	3.300000e+000	1.790365e-001
2.262583547217756e-006	9.274831e-001	3.300000e+000	1.881150e-001
2.272349172217756e-006	8.573564e-001	3.300000e+000	1.971340e-001
2.291880422217756e-006	7.241444e-001	3.300000e+000	2.149253e-001
2.311411672217756e-006	5.983889e-001	3.300000e+000	2.323179e-001
2.330942922217756e-006	4.783216e-001	3.300000e+000	2.492721e-001
2.360239797217756e-006	3.061280e-001	3.300000e+000	2.738719e-001
2.370005422217756e-006	2.503689e-001	3.300000e+000	2.818574e-001
2.379771047217756e-006	1.954816e-001	3.300000e+000	2.897405e-001
2.389536672217756e-006	1.448680e-001	3.300000e+000	2.975236e-001
2.397416838818876e-006	1.133433e-001	3.300000e+000	3.037037e-001
2.405952151005005e-006	9.053957e-002	3.300000e+000	3.102399e-001
2.414343516432570e-006	7.534224e-002	3.300000e+000	3.164454e-001
2.423258046959081e-006	6.400499e-002	3.300000e+000	3.227321e-001
2.433023671959081e-006	5.498372e-002	3.300000e+000	3.292350e-001
2.442789296959081e-006	4.826548e-002	3.300000e+000	3.353265e-001
2.452554921959081e-006	4.314641e-002	3.300000e+000	3.410015e-001
2.462320546959081e-006	3.913643e-002	3.300000e+000	3.462741e-001
2.472086171959081e-006	3.592253e-002	3.300000e+000	3.511641e-001
2.481851796959081e-006	3.329394e-002	3.300000e+000	3.556936e-001
2.491617421959081e-006	3.110708e-002	3.300000e+000	3.598856e-001
2.501383046959081e-006	2.925969e-002	3.300000e+000	3.637628e-001
2.511148671959081e-006	2.767876e-002	3.300000e+000	3.673472e-001
2.520914296959081e-006	2.630993e-002	3.300000e+000	3.706597e-001
2.530679921959081e-006	2.511293e-002	3.300000e+000	3.737203e-001
2.540445546959081e-006	2.405665e-002	3.300000e+000	3.765475e-001
2.550211171959081e-006	2.311732e-002	3.300000e+000	3.791587e-001
2.559976796959081e-006	2.227600e-002	3.300000e+000	3.815704e-001
2.569742421959081e-006	2.151787e-002	3.300000e+000	3.837975e-001
2.579508046959081e-006	2.083079e-002	3.300000e+000	3.858540e-001
2.589273671959081e-006	2.020505e-002	3.300000e+000	3.877531e-001
2.599039296959081e-006	1.963253e-002	3.300000e+000	3.895066e-001
2.608804921959081e-006	1.910662e-002	3.300000e+000	3.911259e-001
2.618570546959081e-006	1.862169e-002	3.300000e+000	3.926212e-001
2.628336171959081e-006	1.817307e-002	3.300000e+000	3.940020e-001
2.638101796959081e-006	1.775674e-002	3.300000e+000	3.952771e-001
2.647867421959081e-006	1.736931e-002	3.300000e+000	3.964547e-001
2.657633046959081e-006	1.700781e-002	3.300000e+000	3.975424e-001
2.667398671959081e-006	1.666974e-002	3.300000e+000	3.985469e-001
2.677164296959082e-006	1.635285e-002	3.300000e+000	3.994748e-001
2.686929921959082e-006	1.605524e-002	3.300000e+000	4.003320e-001
2.696695546959082e-006	1.577519e-002	3.300000e+000	4.011238e-001
2.706461171959082e-006	1.551121e-002	3.300000e+000	4.018554e-001
2.716226796959082e-006	1.526197e-002	3.300000e+000	4.025314e-001
2.725992421959082e-006	1.502630e-002	3.300000e+000	4.031562e-001
2.735758046959082e-006	1.480313e-002	3.300000e+000	4.037335e-001
2.745523671959082e-006	1.459153e-002	3.300000e+000	4.042671e-001
2.755289296959082e-006	1.439063e-002	3.300000e+000	4.047604e-001
2.765054921959082e-006	1.419969e-002	3.300000e+000	4.052165e-001
2.774820546959082e-006	1.401799e-002	3.300000e+000	4.056382e-001
2.784586171959082e-006	1.384492e-002	3.300000e+000	4.060282e-001
2.794351796959082e-006	1.367990e-002	3.300000e+000	4.063889e-001
2.804117421959082e-006	1.352241e-002	3.300000e+000	4.067226e-001
2.813883046959082e-006	1.337197e-002	3.300000e+000	4.070313e-001
2.823648671959082e-006	1.322816e-002	3.300000e+000	4.073170e-001
2.833414296959082e-006	1.309055e-002	3.300000e+000	4.075814e-001
2.843179921959082e-006	1.295880e-002	3.300000e+000	4.078262e-001
2.852945546959082e-006	1.283255e-002	3.300000e+000	4.080528e-001
2.862711171959082e-006	1.271150e-002	3.300000e+000	4.082627e-001
2.872476796959082e-006	1.259535e-002	3.300000e+000	4.084571e-001
2.882242421959082e-006	1.248385e-002	3.300000e+000	4.086372e-001
2.892008046959082e-006	1.237672e-002	3.300000e+000	4.088041e-001
2.901773671959082e-006	1.227375e-002	3.300000e+000	4.089589e-001
2.911539296959082e-006	1.217472e-002	3.300000e+000	4.091024e-001
2.921304921959082e-006	1.207943e-002	3.300000e+000	4.092354e-001
2.931070546959082e-006	1.198769e-002	3.300000e+000	4.093589e-001
2.940836171959082e-006	1.189932e-002	3.300000e+000	4.094734e-001
2.950601796959082e-006	1.181416e-002	3.300000e+000	4.095798e-001
2.960367421959082e-006	1.173206e-002	3.300000e+000	4.096785e-001
2.970133046959082e-006	1.165287e-002	3.300000e+000	4.097703e-001
2.979898671959082e-006	1.157646e-002	3.300000e+000	4.098555e-001
2.989664296959082e-006	1.150270e-002	3.300000e+000	4.099347e-001
2.999429921959082e-006	1.143147e-002	3.300000e+000	4.100084e-001
3.009195546959082e-006	1.136265e-002	3.300000e+000	4.100769e-001
3.018961171959082e-006	1.129615e-002	3.300000e+000	4.101407e-001
3.028726796959082e-006	1.123185e-002	3.300000e+000	4.102001e-001
3.038492421959082e-006	1.116967e-002	3.300000e+000	4.102554e-001
3.048258046959082e-006	1.110952e-002	3.300000e+000	4.103070e-001
3.058023671959083e-006	1.105131e-002	3.300000e+000	4.103550e-001
3.067789296959083e-006	1.099496e-002	3.300000e+000	4.103999e-001
3.077554921959083e-006	1.094040e-002	3.300000e+000	4.104417e-001
3.087320546959083e-006	1.088754e-002	3.300000e+000	4.104807e-001
3.097086171959083e-006	1.083634e-002	3.300000e+000	4.105172e-001
3.116617421959083e-006	1.073861e-002	3.300000e+000	4.105832e-001
3.136148671959083e-006	1.064671e-002	3.300000e+000	4.106410e-001
3.155679921959083e-006	1.056023e-002	3.300000e+000	4.106916e-001
3.175211171959083e-006	1.047876e-002	3.300000e+000	4.107363e-001
3.194742421959083e-006	1.040195e-002	3.300000e+000	4.107756e-001
3.214273671959083e-006	1.032946e-002	3.300000e+000	4.108104e-001
3.233804921959083e-006	1.026100e-002	3.300000e+000	4.108413e-001
3.253336171959083e-006	1.019630e-002	3.300000e+000	4.108688e-001
3.272867421959083e-006	1.013510e-002	3.300000e+000	4.108933e-001
3.292398671959083e-006	1.007718e-002	3.300000e+000	4.109152e-001
3.311929921959083e-006	1.002233e-002	3.300000e+000	4.109349e-001
3.331461171959083e-006	9.970351e-003	3.300000e+000	4.109527e-001
3.350992421959083e-006	9.921064e-003	3.300000e+000	4.109687e-001
3.370523671959083e-006	9.874303e-003	3.300000e+000	4.109832e-001
3.390054921959083e-006	9.829916e-003	3.300000e+000	4.109964e-001
3.409586171959083e-006	9.787763e-003	3.300000e+000	4.110084e-001
3.438883046959084e-006	9.728432e-003	3.300000e+000	4.110245e-001
3.468179921959084e-006	9.673425e-003	3.300000e+000	4.110387e-001
3.497476796959084e-006	9.622378e-003	3.300000e+000	4.110513e-001
3.526773671959084e-006	9.574965e-003	3.300000e+000	4.110625e-001
3.556070546959084e-006	9.530890e-003	3.300000e+000	4.110725e-001
3.585367421959084e-006	9.489886e-003	3.300000e+000	4.110815e-001
3.614664296959084e-006	9.451713e-003	3.300000e+000	4.110896e-001
3.638380814816227e-006	9.422955e-003	3.300000e+000	4.110956e-001
3.662097332673370e-006	9.395573e-003	3.300000e+000	4.111012e-001
3.685813850530513e-006	9.369568e-003	3.300000e+000	4.111064e-001
3.709530368387656e-006	9.344940e-003	3.300000e+000	4.111113e-001
3.733246886244799e-006	9.321688e-003	3.300000e+000	4.111159e-001
3.756963404101942e-006	9.299812e-003	3.300000e+000	4.111201e-001
3.780679921959084e-006	9.279313e-003	3.300000e+000	4.111239e-001
3.808581707673369e-006	9.256578e-003	3.300000e+000	4.111282e-001
3.836483493387654e-006	9.235049e-003	3.300000e+000	4.111322e-001
3.864385279101939e-006	9.214727e-003	3.300000e+000	4.111359e-001
3.892287064816224e-006	9.195613e-003	3.300000e+000	4.111395e-001
3.920188850530508e-006	9.177705e-003	3.300000e+000	4.111427e-001
3.948090636244793e-006	9.161004e-003	3.300000e+000	4.111457e-001
3.975992421959078e-006	9.145509e-003	3.300000e+000	4.111485e-001
3.985758046959077e-006	9.140232e-003	3.300000e+000	4.111494e-001
3.990234375000000e-006	9.137815e-003	3.300000e+000	4.111499e-001
3.991047343918154e-006	9.137396e-003	3.300000e+000	4.111499e-001
3.992673281754461e-006	9.136566e-003	3.300000e+000	4.111501e-001
3.995925157427076e-006	9.134874e-003	3.300000e+000	4.111504e-001
3.996925157427076e-006	9.134336e-003	3.300000e+000	4.111505e-001
3.998000000000001e-006	9.133778e-003	3.300000e+000	4.111506e-001
3.999000000000000e-006	9.133258e-003	3.300000e+000	4.111507e-001
4.000000000000000e-006	9.134148e-003	3.300000e+000	4.111508e-001
4.000014362868407e-006	9.133426e-003	3.252603e+000	4.111508e-001
4.000043088605221e-006	9.132798e-003	3.157808e+000	4.111508e-001
4.000100540078848e-006	9.132462e-003	2.968218e+000	4.111508e-001
4.000177457676301e-006	9.131817e-003	2.714390e+000	4.111508e-001
4.000256157025335e-006	9.130520e-003	2.454682e+000	4.111508e-001
4.000338466164485e-006	9.128343e-003	2.183062e+000	4.111508e-001
4.000413884758564e-006	9.125357e-003	1.934180e+000	4.111508e-001
4.000542569773351e-006	9.118003e-003	1.509520e+000	4.111508e-001
4.000742629970427e-006	9.102186e-003	8.493211e-001	4.111508e-001
4.001000000000000e-006	9.077230e-003	1.150191e-012	4.111508e-001
4.001025737002957e-006	9.074199e-003	3.833970e-013	4.111508e-001
4.001077211008871e-006	9.068104e-003	0.000000e+000	4.111508e-001
4.001180159020700e-006	9.056221e-003	0.000000e+000	4.111509e-001
4.001383785215433e-006	9.034849e-003	0.000000e+000	4.111509e-001
4.001591165036111e-006	9.017098e-003	0.000000e+000	4.111509e-001
4.001806475012406e-006	9.003944e-003	0.000000e+000	4.111509e-001
4.002014866049487e-006	8.996174e-003	0.000000e+000	4.111510e-001
4.002260815895064e-006	8.991988e-003	0.000000e+000	4.111510e-001
4.002536350756757e-006	8.991651e-003	0.000000e+000	4.111510e-001
4.002890272842582e-006	8.995268e-003	0.000000e+000	4.111511e-001
4.003338504015990e-006	9.002936e-003	0.000000e+000	4.111511e-001
4.004030999411170e-006	9.016966e-003	0.000000e+000	4.111512e-001
4.004899255334656e-006	9.035210e-003	0.000000e+000	4.111513e-001
4.006363059615741e-006	9.066009e-003	0.000000e+000	4.111515e-001
4.008049094066603e-006	9.101629e-003	0.000000e+000	4.111518e-001
4.011421162968328e-006	9.173825e-003	0.000000e+000	4.111521e-001
4.018165300771778e-006	9.321422e-003	0.000000e+000	4.111524e-001
4.027930925771778e-006	9.541730e-003	0.000000e+000	4.111515e-001
4.047462175771777e-006	1.000861e-002	0.000000e+000	4.111441e-001
4.057227800771777e-006	1.025693e-002	0.000000e+000	4.111376e-001
4.076759050771776e-006	1.078637e-002	0.000000e+000	4.111186e-001
4.096290300771775e-006	1.136426e-002	0.000000e+000	4.110923e-001
4.115821550771774e-006	1.199709e-002	0.000000e+000	4.110589e-001
4.135352800771773e-006	1.269260e-002	0.000000e+000	4.110183e-001
4.154884050771773e-006	1.346003e-002	0.000000e+000	4.109703e-001
4.174415300771772e-006	1.431055e-002	0.000000e+000	4.109148e-001
4.193946550771771e-006	1.525774e-002	0.000000e+000	4.108513e-001
4.213477800771770e-006	1.631830e-002	0.000000e+000	4.107790e-001
4.223243425771770e-006	1.689740e-002	0.000000e+000	4.107394e-001
4.233009050771769e-006	1.751301e-002	0.000000e+000	4.106972e-001
4.242774675771769e-006	1.816859e-002	0.000000e+000	4.106523e-001
4.252540300771769e-006	1.886802e-002	0.000000e+000	4.106046e-001
4.262305925771768e-006	1.961570e-002	0.000000e+000	4.105538e-001
4.272071550771768e-006	2.041663e-002	0.000000e+000	4.104997e-001
4.281837175771767e-006	2.127653e-002	0.000000e+000	4.104421e-001
4.291602800771767e-006	2.220193e-002	0.000000e+000	4.103806e-001
4.301368425771767e-006	2.320034e-002	0.000000e+000	4.103149e-001
4.311134050771766e-006	2.428045e-002	0.000000e+000	4.102448e-001
4.320899675771766e-006	2.545232e-002	0.000000e+000	4.101696e-001
4.330665300771765e-006	2.672765e-002	0.000000e+000	4.100890e-001
4.340430925771765e-006	2.812014e-002	0.000000e+000	4.100023e-001
4.350196550771765e-006	2.964591e-002	0.000000e+000	4.099090e-001
4.359962175771764e-006	3.132395e-002	0.000000e+000	4.098082e-001
4.369727800771764e-006	3.317682e-002	0.000000e+000	4.096990e-001
4.379493425771763e-006	3.523140e-002	0.000000e+000	4.095805e-001
4.389259050771763e-006	3.751988e-002	0.000000e+000	4.094515e-001
4.399024675771763e-006	4.008105e-002	0.000000e+000	4.093105e-001
4.408790300771762e-006	4.296191e-002	0.000000e+000	4.091558e-001
4.418555925771762e-006	4.621972e-002	0.000000e+000	4.089856e-001
4.428321550771761e-006	4.992474e-002	0.000000e+000	4.087973e-001
4.438087175771761e-006	5.416393e-002	0.000000e+000	4.085881e-001
4.447852800771761e-006	5.904587e-002	0.000000e+000	4.083546e-001
4.457618425771760e-006	6.470785e-002	0.000000e+000	4.080925e-001
4.467384050771760e-006	7.132590e-002	0.000000e+000	4.077967e-001
4.477149675771759e-006	7.912993e-002	0.000000e+000	4.074607e-001
4.486915300771759e-006	8.842655e-002	0.000000e+000	4.070762e-001
4.496680925771759e-006	9.963454e-002	0.000000e+000	4.066331e-001
4.506446550771758e-006	1.133393e-001	0.000000e+000	4.061176e-001
4.516212175771758e-006	1.303737e-001	0.000000e+000	4.055116e-001
4.525977800771757e-006	1.519066e-001	0.000000e+000	4.047909e-001
4.535743425771757e-006	1.782558e-001	0.000000e+000	4.039245e-001
4.545509050771757e-006	2.075867e-001	0.000000e+000	4.028819e-001
4.555274675771756e-006	2.377217e-001	0.000000e+000	4.016453e-001
4.565040300771756e-006	2.679634e-001	0.000000e+000	4.002136e-001
4.574805925771756e-006	2.983258e-001	0.000000e+000	3.985962e-001
4.584571550771755e-006	3.288231e-001	0.000000e+000	3.968054e-001
4.594337175771755e-006	3.594700e-001	0.000000e+000	3.948536e-001
4.604102800771754e-006	3.902818e-001	0.000000e+000	3.927520e-001
4.613868425771754e-006	4.212747e-001	0.000000e+000	3.905111e-001
4.633399675771753e-006	4.838715e-001	0.000000e+000	3.856481e-001
4.652930925771752e-006	5.474056e-001	0.000000e+000	3.803294e-001
4.672462175771752e-006	6.120396e-001	0.000000e+000	3.746074e-001
4.701759050771750e-006	7.114603e-001	0.000000e+000	3.653564e-001
4.731055925771749e-006	8.145028e-001	0.000000e+000	3.553890e-001
4.749192086486034e-006	8.796120e-001	0.000000e+000	3.489033e-001
4.767328247200319e-006	9.475352e-001	0.000000e+000	3.421606e-001
4.785464407914604e-006	1.018273e+000	0.000000e+000	3.351609e-001
4.803600568628889e-006	1.091824e+000	0.000000e+000	3.279042e-001
4.821736729343174e-006	1.168189e+000	0.000000e+000	3.203905e-001
4.839872890057459e-006	1.247369e+000	0.000000e+000	3.126198e-001
4.858009050771744e-006	1.329362e+000	0.000000e+000	3.045922e-001
4.887305925771743e-006	1.472796e+000	0.000000e+000	2.909046e-001
4.916602800771742e-006	1.629914e+000	0.000000e+000	2.762680e-001
4.945899675771740e-006	1.803206e+000	0.000000e+000	2.605218e-001
4.975196550771739e-006	1.995123e+000	0.000000e+000	2.434807e-001
5.004493425771738e-006	2.207828e+000	0.000000e+000	2.249458e-001
5.024024675771737e-006	2.361998e+000	0.000000e+000	2.116628e-001
5.043555925771736e-006	2.526400e+000	0.000000e+000	1.975778e-001
5.063087175771736e-006	2.701077e+000	0.000000e+000	1.826492e-001
5.082618425771735e-006	2.885803e+000	0.000000e+000	1.668501e-001
5.092384050771734e-006	2.981771e+000	0.000000e+000	1.586213e-001
5.102149675771734e-006	3.080003e+000	0.000000e+000	1.501747e-001
5.111915300771734e-006	3.180358e+000	0.000000e+000	1.415140e-001
5.121680925771733e-006	3.282656e+000	0.000000e+000	1.326456e-001
5.131446550771733e-006	3.386667e+000	0.000000e+000	1.235786e-001
5.141212175771732e-006	3.492109e+000	0.000000e+000	1.143255e-001
5.150977800771732e-006	3.598621e+000	0.000000e+000	1.049031e-001
5.160743425771732e-006	3.705743e+000	0.000000e+000	9.533302e-002
5.170509050771731e-006	3.812873e+000	0.000000e+000	8.564319e-002
5.180274675771731e-006	3.919201e+000	0.000000e+000	7.586932e-002
5.190040300771730e-006	4.023591e+000	0.000000e+000	6.605714e-002
5.199805925771730e-006	4.124352e+000	0.000000e+000	5.626567e-002
5.209571550771730e-006	4.218767e+000	0.000000e+000	4.657222e-002
5.219337175771729e-006	4.301986e+000	0.000000e+000	3.708111e-002
5.229102800771729e-006	4.364103e+000	0.000000e+000	2.794075e-002
5.238868425771728e-006	4.383461e+000	0.000000e+000	1.938128e-002
5.248634050771728e-006	4.334389e+000	0.000000e+000	1.162849e-002
5.255007869335099e-006	4.241054e+000	0.000000e+000	7.312533e-003
5.262046853367249e-006	4.073730e+000	0.000000e+000	3.609010e-003
5.269236708483420e-006	3.869696e+000	0.000000e+000	1.105031e-003
5.276555157636016e-006	3.669712e+000	0.000000e+000	-2.632851e-006
5.283601272949632e-006	3.518505e+000	0.000000e+000	1.646519e-004
5.288411628401100e-006	3.453521e+000	0.000000e+000	8.948646e-004
5.291376378570137e-006	3.438121e+000	0.000000e+000	1.588968e-003
5.295180734971292e-006	3.446667e+000	0.000000e+000	2.647522e-003
5.299002747345558e-006	3.484644e+000	0.000000e+000	3.778220e-003
5.304921028416571e-006	3.591531e+000	0.000000e+000	5.477466e-003
5.311046199827854e-006	3.745960e+000	0.000000e+000	6.908838e-003
5.319173999591414e-006	3.985372e+000	0.000000e+000	7.992455e-003
5.327311147033912e-006	4.211708e+000	0.000000e+000	7.953777e-003
5.336426949098460e-006	4.406829e+000	0.000000e+000	6.688327e-003
5.341521738374264e-006	4.470430e+000	0.000000e+000	5.486117e-003
5.344954369618570e-006	4.483552e+000	0.000000e+000	4.480807e-003
5.348075508547065e-006	4.475024e+000	0.000000e+000	3.505696e-003
5.351238446927956e-006	4.447453e+000	0.000000e+000	2.520014e-003
5.356107625223020e-006	4.376548e+000	0.000000e+000	1.107112e-003
5.361773005098778e-006	4.265349e+000	0.000000e+000	-2.319544e-004
5.369174231160362e-006	4.099008e+000	0.000000e+000	-1.331529e-003
5.376367827282227e-006	3.944343e+000	0.000000e+000	-1.612538e-003
5.382978188704302e-006	3.831756e+000	0.000000e+000	-1.156148e-003
5.388308706564735e-006	3.773604e+000	0.000000e+000	-3.569868e-004
5.391579108388096e-006	3.758958e+000	0.000000e+000	3.020002e-004
5.395285176603030e-006	3.764067e+000	0.000000e+000	1.150027e-003
5.398978855732697e-006	3.790567e+000	0.000000e+000	2.021296e-003
5.404716900916410e-006	3.865999e+000	0.000000e+000	3.304022e-003
5.410745613885857e-006	3.976912e+000	0.000000e+000	4.387603e-003
5.418725129880598e-006	4.148979e+000	0.000000e+000	5.221012e-003
5.426291696729558e-006	4.304374e+000	0.000000e+000	5.248545e-003
5.435110898444576e-006	4.445806e+000	0.000000e+000	4.418457e-003
5.440412444529389e-006	4.496948e+000	0.000000e+000	3.544651e-003
5.443894706840915e-006	4.508297e+000	0.000000e+000	2.822735e-003
5.447027240281611e-006	4.502929e+000	0.000000e+000	2.125072e-003
5.450138906184246e-006	4.483484e+000	0.000000e+000	1.432306e-003
5.455018573053958e-006	4.431264e+000	0.000000e+000	4.194449e-004
5.460610974391353e-006	4.349410e+000	0.000000e+000	-5.257633e-004
5.467957440446092e-006	4.224320e+000	0.000000e+000	-1.311430e-003
5.474677002925373e-006	4.111825e+000	0.000000e+000	-1.516691e-003
5.480558291303990e-006	4.030599e+000	0.000000e+000	-1.237770e-003
5.486304544039650e-006	3.976832e+000	0.000000e+000	-6.147437e-004
5.490398612172473e-006	3.958412e+000	0.000000e+000	-4.919718e-006
5.493920249069945e-006	3.958789e+000	0.000000e+000	6.018896e-004
5.497262676622952e-006	3.974022e+000	0.000000e+000	1.203243e-003
5.502608130143826e-006	4.021964e+000	0.000000e+000	2.129238e-003
5.508367522526798e-006	4.097193e+000	0.000000e+000	2.965560e-003
5.515903401040700e-006	4.217288e+000	0.000000e+000	3.683646e-003
5.522816273922658e-006	4.328447e+000	0.000000e+000	3.856882e-003
5.531081499707153e-006	4.439525e+000	0.000000e+000	3.449556e-003
5.537656293160430e-006	4.498476e+000	0.000000e+000	2.742218e-003
5.541740430957169e-006	4.515345e+000	0.000000e+000	2.147719e-003
5.544615657078886e-006	4.514796e+000	0.000000e+000	1.679812e-003
5.548602126798040e-006	4.499650e+000	0.000000e+000	1.018111e-003
5.552607645380336e-006	4.470297e+000	0.000000e+000	3.923895e-004
5.558724291599461e-006	4.405407e+000	0.000000e+000	-4.111209e-004
5.565089536271418e-006	4.324660e+000	0.000000e+000	-9.877766e-004
5.571081338811628e-006	4.245878e+000	0.000000e+000	-1.216840e-003
5.576542871354997e-006	4.181473e+000	0.000000e+000	-1.133860e-003
5.581530338946047e-006	4.136024e+000	0.000000e+000	-8.259446e-004
5.586178207014990e-006	4.109127e+000	0.000000e+000	-3.747345e-004
5.590130976950079e-006	4.100238e+000	0.000000e+000	1.026971e-004
5.594019188368541e-006	4.105006e+000	0.000000e+000	6.228698e-004
5.597927575475524e-006	4.123537e+000	0.000000e+000	1.152795e-003
5.603618886799111e-006	4.169655e+000	0.000000e+000	1.866257e-003
5.609417270628057e-006	4.232723e+000	0.000000e+000	2.443189e-003
5.616147097168453e-006	4.316662e+000	0.000000e+000	2.835477e-003
5.622991854372975e-006	4.398926e+000	0.000000e+000	2.874566e-003
5.630804205361817e-006	4.474718e+000	0.000000e+000	2.511902e-003
5.636675704789255e-006	4.511627e+000	0.000000e+000	2.003328e-003
5.640534316659360e-006	4.522192e+000	0.000000e+000	1.571339e-003
5.643513769181855e-006	4.521204e+000	0.000000e+000	1.205104e-003
5.647136505164601e-006	4.510288e+000	0.000000e+000	7.543837e-004
5.651451324736593e-006	4.485922e+000	0.000000e+000	2.509722e-004
5.657330838656340e-006	4.438468e+000	0.000000e+000	-3.190617e-004
5.664014525533837e-006	4.374080e+000	0.000000e+000	-7.569693e-004
5.669861364260442e-006	4.315928e+000	0.000000e+000	-9.126353e-004
5.674820336147746e-006	4.271246e+000	0.000000e+000	-8.526465e-004
5.679123224385291e-006	4.239928e+000	0.000000e+000	-6.631681e-004
5.682736539525097e-006	4.220750e+000	0.000000e+000	-4.194789e-004
5.685408663938919e-006	4.211868e+000	0.000000e+000	-1.955021e-004
5.688154202051857e-006	4.208308e+000	0.000000e+000	6.552860e-005
5.691739637958512e-006	4.211021e+000	0.000000e+000	4.307264e-004
5.695288329962776e-006	4.221431e+000	0.000000e+000	8.006638e-004
5.699151078679826e-006	4.241552e+000	0.000000e+000	1.189355e-003
5.703953934102852e-006	4.276579e+000	0.000000e+000	1.616627e-003
5.709371408117966e-006	4.324875e+000	0.000000e+000	1.981555e-003
5.715643508809706e-006	4.385355e+000	0.000000e+000	2.205505e-003
5.722444719460701e-006	4.446362e+000	0.000000e+000	2.182955e-003
5.730088129370353e-006	4.500207e+000	0.000000e+000	1.872000e-003
5.735486808528182e-006	4.524101e+000	0.000000e+000	1.499566e-003
5.739138128339565e-006	4.530590e+000	0.000000e+000	1.184392e-003
5.742233424585296e-006	4.529273e+000	0.000000e+000	8.954377e-004
5.745472473258427e-006	4.521412e+000	0.000000e+000	5.920998e-004
5.750170511525436e-006	4.500774e+000	0.000000e+000	1.816107e-004
5.755808518810945e-006	4.465973e+000	0.000000e+000	-2.211457e-004
5.762901153475290e-006	4.414019e+000	0.000000e+000	-5.522548e-004
5.768712513848308e-006	4.370536e+000	0.000000e+000	-6.524329e-004
5.773277572871606e-006	4.339676e+000	0.000000e+000	-5.999478e-004
5.777135350832872e-006	4.318211e+000	0.000000e+000	-4.701057e-004
5.779917968099940e-006	4.306723e+000	0.000000e+000	-3.298237e-004
5.783450533091320e-006	4.297816e+000	0.000000e+000	-1.061949e-004
5.787410469707287e-006	4.294800e+000	0.000000e+000	1.806068e-004
5.791522421966751e-006	4.299703e+000	0.000000e+000	5.007634e-004
5.795809323801057e-006	4.313166e+000	0.000000e+000	8.354243e-004
5.800187247597096e-006	4.334700e+000	0.000000e+000	1.151244e-003
5.805020229793614e-006	4.365497e+000	0.000000e+000	1.437619e-003
5.810718433198110e-006	4.406857e+000	0.000000e+000	1.660665e-003
5.817052969288625e-006	4.452990e+000	0.000000e+000	1.739244e-003
5.824195462226015e-006	4.497062e+000	0.000000e+000	1.611623e-003
5.832082034983608e-006	4.530734e+000	0.000000e+000	1.267133e-003
5.836697751082174e-006	4.540490e+000	0.000000e+000	9.858201e-004
5.839633496642073e-006	4.540655e+000	0.000000e+000	7.810300e-004
5.843570949863300e-006	4.534431e+000	0.000000e+000	5.006935e-004
5.847590840414979e-006	4.521870e+000	0.000000e+000	2.324808e-004
5.853668177744461e-006	4.494181e+000	0.000000e+000	-1.059802e-004
5.860038001601682e-006	4.459312e+000	0.000000e+000	-3.500215e-004
5.865547321552200e-006	4.427730e+000	0.000000e+000	-4.425128e-004
5.870226208846007e-006	4.402912e+000	0.000000e+000	-4.221707e-004
5.874214745081408e-006	4.385046e+000	0.000000e+000	-3.360439e-004
5.877131591555712e-006	4.375099e+000	0.000000e+000	-2.329958e-004
5.880826246930587e-006	4.366953e+000	0.000000e+000	-6.313827e-005
5.884587383298015e-006	4.363578e+000	0.000000e+000	1.385922e-004
5.888393987871941e-006	4.365580e+000	0.000000e+000	3.618964e-004
5.892209688718890e-006	4.372939e+000	0.000000e+000	5.912528e-004
5.896132041372580e-006	4.385547e+000	0.000000e+000	8.183685e-004
5.899946308222688e-006	4.402196e+000	0.000000e+000	1.013553e-003
5.905267938696379e-006	4.430154e+000	0.000000e+000	1.224714e-003
5.910904137763802e-006	4.462085e+000	0.000000e+000	1.351849e-003
5.917782527076591e-006	4.499191e+000	0.000000e+000	1.358092e-003
5.924949697025427e-006	4.530575e+000	0.000000e+000	1.211168e-003
5.930737679013806e-006	4.547403e+000	0.000000e+000	9.929033e-004
5.934738697953044e-006	4.552999e+000	0.000000e+000	7.992208e-004
5.937570819330238e-006	4.553065e+000	0.000000e+000	6.483381e-004
5.941614088868082e-006	4.548347e+000	0.000000e+000	4.296306e-004
5.945560117095508e-006	4.539114e+000	0.000000e+000	2.299192e-004
5.951693475030261e-006	4.518057e+000	0.000000e+000	-2.905768e-005
5.957967744013095e-006	4.492153e+000	0.000000e+000	-2.112411e-004
5.963467045423979e-006	4.468356e+000	0.000000e+000	-2.807258e-004
5.968219450801321e-006	4.449374e+000	0.000000e+000	-2.640528e-004
5.972320967271043e-006	4.435662e+000	0.000000e+000	-1.948205e-004
5.975458774704183e-006	4.427760e+000	0.000000e+000	-1.088968e-004
5.978872140479121e-006	4.422255e+000	0.000000e+000	1.166554e-005
5.982321903737915e-006	4.420035e+000	0.000000e+000	1.530332e-004
5.986072336254966e-006	4.421515e+000	0.000000e+000	3.204480e-004
5.989825161613028e-006	4.426982e+000	0.000000e+000	4.921122e-004
5.994025658516793e-006	4.437052e+000	0.000000e+000	6.791297e-004
5.996737278738859e-006	4.445422e+000	0.000000e+000	7.929473e-004
5.997737278738859e-006	4.448985e+000	0.000000e+000	8.318928e-004
5.999000000000000e-006	4.453823e+000	0.000000e+000	8.778946e-004
5.999999999999999e-006	4.457818e+000	0.000000e+000	9.122471e-004
6.001000000000000e-006	4.461928e+000	0.000000e+000	9.449336e-004
6.001002304608790e-006	4.461938e+000	7.605209e-003	9.450052e-004
6.001006913826371e-006	4.461957e+000	2.281563e-002	9.451484e-004
6.001015165410521e-006	4.461992e+000	5.004586e-002	9.454046e-004
6.001023487485516e-006	4.462027e+000	7.750870e-002	9.456628e-004
6.001040131635506e-006	4.462097e+000	1.324344e-001	9.461787e-004
6.001073419935485e-006	4.462238e+000	2.422858e-001	9.472084e-004
6.001118186779440e-006	4.462428e+000	3.900164e-001	9.485899e-004
6.001159841004819e-006	4.462605e+000	5.274753e-001	9.498718e-004
6.001188907761777e-006	4.462731e+000	6.233956e-001	9.507639e-004
6.001223875741682e-006	4.462884e+000	7.387900e-001	9.518340e-004
6.001276297626948e-006	4.463121e+000	9.117821e-001	9.534322e-004
6.001360313597754e-006	4.463525e+000	1.189035e+000	9.559794e-004
6.001488440852859e-006	4.464232e+000	1.611855e+000	9.598289e-004
6.001697604094663e-006	4.465570e+000	2.302094e+000	9.660548e-004
6.001754989300025e-006	4.466007e+000	2.491465e+000	9.677454e-004
6.001869759710748e-006	4.467044e+000	2.870207e+000	9.710910e-004
6.002000000000000e-006	4.468349e+000	3.300000e+000	9.748627e-004
6.002013024028925e-006	4.468501e+000	3.300000e+000	9.752361e-004
6.002039072086775e-006	4.468810e+000	3.300000e+000	9.759816e-004
6.002091168202475e-006	4.469467e+000	3.300000e+000	9.774658e-004
6.002195360433876e-006	4.470933e+000	3.300000e+000	9.804047e-004
6.002403744896676e-006	4.474321e+000	3.300000e+000	9.861796e-004
6.002676687849139e-006	4.479478e+000	3.300000e+000	9.935264e-004
6.003010892751281e-006	4.486630e+000	3.300000e+000	1.002132e-003
6.003375526929379e-006	4.495100e+000	3.300000e+000	1.010904e-003
6.003843659682066e-006	4.506449e+000	3.300000e+000	1.021068e-003
6.004365522781804e-006	4.519278e+000	3.300000e+000	1.030708e-003
6.004988021935610e-006	4.534544e+000	3.300000e+000	1.039297e-003
6.005817560257242e-006	4.554611e+000	3.300000e+000	1.044430e-003
6.007229777393838e-006	4.587707e+000	3.300000e+000	1.032048e-003
6.010054211667031e-006	4.650156e+000	3.300000e+000	9.416079e-004
6.013044072257879e-006	4.709381e+000	3.300000e+000	7.466403e-004
6.016826077025338e-006	4.771450e+000	3.300000e+000	3.515544e-004
6.020632649184190e-006	4.814735e+000	3.300000e+000	-1.968546e-004
6.026124520274470e-006	4.837114e+000	3.300000e+000	-1.161865e-003
6.031633900823242e-006	4.801261e+000	3.300000e+000	-2.184510e-003
6.037224437690149e-006	4.692163e+000	3.300000e+000	-3.083523e-003
6.043156812632544e-006	4.517213e+000	3.300000e+000	-3.630263e-003
6.049146109668292e-006	4.322665e+000	3.300000e+000	-3.466470e-003
6.057871190487922e-006	4.055879e+000	3.300000e+000	-2.009933e-003
6.064577850110859e-006	3.870058e+000	3.300000e+000	1.504608e-005
6.070759201097128e-006	3.711385e+000	3.300000e+000	2.699646e-003
6.080524826097127e-006	3.471725e+000	3.300000e+000	8.040142e-003
6.090290451097127e-006	3.242408e+000	3.300000e+000	1.435618e-002
6.100056076097127e-006	3.025023e+000	3.300000e+000	2.153028e-002
6.109821701097126e-006	2.819993e+000	3.300000e+000	2.936827e-002
6.119587326097126e-006	2.627388e+000	3.300000e+000	3.782445e-002
6.129352951097125e-006	2.447034e+000	3.300000e+000	4.715455e-002
6.139118576097125e-006	2.278617e+000	3.300000e+000	5.793105e-002
6.148884201097125e-006	2.121772e+000	3.300000e+000	7.048404e-002
6.158649826097124e-006	1.976109e+000	3.300000e+000	8.405972e-002
6.168415451097124e-006	1.841158e+000	3.300000e+000	9.707891e-002
6.178181076097123e-006	1.716292e+000	3.300000e+000	1.085294e-001
6.187946701097123e-006	1.600701e+000	3.300000e+000	1.185735e-001
6.197712326097123e-006	1.493456e+000	3.300000e+000	1.278674e-001
6.207477951097122e-006	1.393596e+000	3.300000e+000	1.369024e-001
6.217243576097122e-006	1.300201e+000	3.300000e+000	1.459077e-001
6.227009201097121e-006	1.212425e+000	3.300000e+000	1.549549e-001
6.236774826097121e-006	1.129509e+000	3.300000e+000	1.640435e-001
6.246540451097121e-006	1.050790e+000	3.300000e+000	1.731477e-001
6.256306076097120e-006	9.756919e-001	3.300000e+000	1.822367e-001
6.266071701097120e-006	9.037195e-001	3.300000e+000	1.912832e-001
6.285602951097119e-006	7.675211e-001	3.300000e+000	2.091654e-001
6.305134201097118e-006	6.395030e-001	3.300000e+000	2.266774e-001
6.324665451097117e-006	5.177033e-001	3.300000e+000	2.437636e-001
6.353962326097116e-006	3.436147e-001	3.300000e+000	2.685639e-001
6.373493576097115e-006	2.318362e-001	3.300000e+000	2.845605e-001
6.383259201097115e-006	1.780653e-001	3.300000e+000	2.924043e-001
6.393024826097115e-006	1.309079e-001	3.300000e+000	3.001415e-001
6.400857325046390e-006	1.034420e-001	3.300000e+000	3.062331e-001
6.409192668237304e-006	8.455324e-002	3.300000e+000	3.125287e-001
6.418958293237304e-006	6.940532e-002	3.300000e+000	3.196094e-001
6.428049041288138e-006	5.940468e-002	3.300000e+000	3.258592e-001
6.437814666288138e-006	5.159904e-002	3.300000e+000	3.321653e-001
6.447580291288137e-006	4.570509e-002	3.300000e+000	3.380585e-001
6.457345916288137e-006	4.115368e-002	3.300000e+000	3.435409e-001
6.467111541288137e-006	3.754771e-002	3.300000e+000	3.486300e-001
6.476877166288136e-006	3.462944e-002	3.300000e+000	3.533467e-001
6.486642791288136e-006	3.222243e-002	3.300000e+000	3.577139e-001
6.496408416288135e-006	3.020526e-002	3.300000e+000	3.617543e-001
6.506174041288135e-006	2.849029e-002	3.300000e+000	3.654904e-001
6.515939666288135e-006	2.701449e-002	3.300000e+000	3.689438e-001
6.525705291288134e-006	2.573040e-002	3.300000e+000	3.721350e-001
6.535470916288134e-006	2.460266e-002	3.300000e+000	3.750830e-001
6.545236541288133e-006	2.360370e-002	3.300000e+000	3.778062e-001
6.555002166288133e-006	2.271235e-002	3.300000e+000	3.803212e-001
6.564767791288133e-006	2.191160e-002	3.300000e+000	3.826438e-001
6.574533416288132e-006	2.118809e-002	3.300000e+000	3.847887e-001
6.584299041288132e-006	2.053079e-002	3.300000e+000	3.867693e-001
6.594064666288131e-006	1.993088e-002	3.300000e+000	3.885982e-001
6.603830291288131e-006	1.938091e-002	3.300000e+000	3.902870e-001
6.613595916288131e-006	1.887483e-002	3.300000e+000	3.918465e-001
6.623361541288130e-006	1.840741e-002	3.300000e+000	3.932866e-001
6.633127166288130e-006	1.797437e-002	3.300000e+000	3.946165e-001
6.642892791288129e-006	1.757195e-002	3.300000e+000	3.958446e-001
6.652658416288129e-006	1.719700e-002	3.300000e+000	3.969788e-001
6.662424041288129e-006	1.684675e-002	3.300000e+000	3.980264e-001
6.672189666288128e-006	1.651886e-002	3.300000e+000	3.989940e-001
6.681955291288128e-006	1.621121e-002	3.300000e+000	3.998878e-001
6.691720916288128e-006	1.592202e-002	3.300000e+000	4.007134e-001
6.701486541288127e-006	1.564966e-002	3.300000e+000	4.014763e-001
6.711252166288127e-006	1.539275e-002	3.300000e+000	4.021811e-001
6.721017791288126e-006	1.514999e-002	3.300000e+000	4.028324e-001
6.730783416288126e-006	1.492030e-002	3.300000e+000	4.034342e-001
6.740549041288126e-006	1.470265e-002	3.300000e+000	4.039905e-001
6.750314666288125e-006	1.449617e-002	3.300000e+000	4.045047e-001
6.760080291288125e-006	1.430001e-002	3.300000e+000	4.049801e-001
6.769845916288124e-006	1.411348e-002	3.300000e+000	4.054196e-001
6.779611541288124e-006	1.393590e-002	3.300000e+000	4.058260e-001
6.789377166288124e-006	1.376666e-002	3.300000e+000	4.062019e-001
6.799142791288123e-006	1.360523e-002	3.300000e+000	4.065495e-001
6.808908416288123e-006	1.345110e-002	3.300000e+000	4.068712e-001
6.818674041288122e-006	1.330381e-002	3.300000e+000	4.071688e-001
6.828439666288122e-006	1.316295e-002	3.300000e+000	4.074442e-001
6.838205291288122e-006	1.302813e-002	3.300000e+000	4.076992e-001
6.847970916288121e-006	1.289900e-002	3.300000e+000	4.079352e-001
6.857736541288121e-006	1.277522e-002	3.300000e+000	4.081538e-001
6.867502166288120e-006	1.265650e-002	3.300000e+000	4.083562e-001
6.877267791288120e-006	1.254256e-002	3.300000e+000	4.085437e-001
6.887033416288120e-006	1.243313e-002	3.300000e+000	4.087175e-001
6.896799041288119e-006	1.232798e-002	3.300000e+000	4.088786e-001
6.906564666288119e-006	1.222688e-002	3.300000e+000	4.090279e-001
6.916330291288118e-006	1.212963e-002	3.300000e+000	4.091663e-001
6.926095916288118e-006	1.203602e-002	3.300000e+000	4.092948e-001
6.935861541288118e-006	1.194588e-002	3.300000e+000	4.094139e-001
6.945627166288117e-006	1.185904e-002	3.300000e+000	4.095246e-001
6.955392791288117e-006	1.177533e-002	3.300000e+000	4.096273e-001
6.965158416288116e-006	1.169461e-002	3.300000e+000	4.097226e-001
6.974924041288116e-006	1.161674e-002	3.300000e+000	4.098112e-001
6.984689666288116e-006	1.154158e-002	3.300000e+000	4.098936e-001
6.994455291288115e-006	1.146902e-002	3.300000e+000	4.099701e-001
7.004220916288115e-006	1.139893e-002	3.300000e+000	4.100413e-001
7.013986541288114e-006	1.133121e-002	3.300000e+000	4.101076e-001
7.023752166288114e-006	1.126575e-002	3.300000e+000	4.101692e-001
7.033517791288114e-006	1.120246e-002	3.300000e+000	4.102267e-001
7.043283416288113e-006	1.114124e-002	3.300000e+000	4.102802e-001
7.053049041288113e-006	1.108201e-002	3.300000e+000	4.103300e-001
7.062814666288112e-006	1.102468e-002	3.300000e+000	4.103765e-001
7.072580291288112e-006	1.096918e-002	3.300000e+000	4.104199e-001
7.082345916288112e-006	1.091542e-002	3.300000e+000	4.104604e-001
7.092111541288111e-006	1.086335e-002	3.300000e+000	4.104982e-001
7.101877166288111e-006	1.081289e-002	3.300000e+000	4.105335e-001
7.121408416288110e-006	1.071657e-002	3.300000e+000	4.105975e-001
7.140939666288109e-006	1.062598e-002	3.300000e+000	4.106535e-001
7.160470916288108e-006	1.054071e-002	3.300000e+000	4.107027e-001
7.180002166288108e-006	1.046036e-002	3.300000e+000	4.107460e-001
7.199533416288107e-006	1.038459e-002	3.300000e+000	4.107842e-001
7.219064666288106e-006	1.031307e-002	3.300000e+000	4.108180e-001
7.238595916288105e-006	1.024552e-002	3.300000e+000	4.108481e-001
7.258127166288104e-006	1.018166e-002	3.300000e+000	4.108748e-001
7.277658416288104e-006	1.012125e-002	3.300000e+000	4.108987e-001
7.297189666288103e-006	1.006407e-002	3.300000e+000	4.109201e-001
7.316720916288102e-006	1.000990e-002	3.300000e+000	4.109392e-001
7.336252166288101e-006	9.958569e-003	3.300000e+000	4.109566e-001
7.355783416288100e-006	9.909888e-003	3.300000e+000	4.109722e-001
7.375314666288100e-006	9.863697e-003	3.300000e+000	4.109864e-001
7.394845916288099e-006	9.819846e-003	3.300000e+000	4.109993e-001
7.414377166288098e-006	9.778195e-003	3.300000e+000	4.110111e-001
7.443674041288097e-006	9.719565e-003	3.300000e+000	4.110269e-001
7.472970916288096e-006	9.665200e-003	3.300000e+000	4.110408e-001
7.502267791288094e-006	9.614741e-003	3.300000e+000	4.110531e-001
7.531564666288093e-006	9.567868e-003	3.300000e+000	4.110641e-001
7.560861541288092e-006	9.524290e-003	3.300000e+000	4.110740e-001
7.590158416288091e-006	9.483743e-003	3.300000e+000	4.110828e-001
7.619455291288090e-006	9.445992e-003	3.300000e+000	4.110908e-001
7.643171809145232e-006	9.417548e-003	3.300000e+000	4.110967e-001
7.666888327002373e-006	9.390464e-003	3.300000e+000	4.111022e-001
7.690604844859516e-006	9.364741e-003	3.300000e+000	4.111074e-001
7.714321362716658e-006	9.340377e-003	3.300000e+000	4.111122e-001
7.738037880573799e-006	9.317374e-003	3.300000e+000	4.111167e-001
7.761754398430942e-006	9.295731e-003	3.300000e+000	4.111208e-001
7.785470916288084e-006	9.275448e-003	3.300000e+000	4.111246e-001
7.813372702002369e-006	9.252950e-003	3.300000e+000	4.111289e-001
7.841274487716653e-006	9.231646e-003	3.300000e+000	4.111328e-001
7.869176273430938e-006	9.211536e-003	3.300000e+000	4.111365e-001
7.897078059145222e-006	9.192619e-003	3.300000e+000	4.111400e-001
7.924979844859507e-006	9.174895e-003	3.300000e+000	4.111432e-001
7.952881630573791e-006	9.158365e-003	3.300000e+000	4.111462e-001
7.980783416288076e-006	9.143028e-003	3.300000e+000	4.111489e-001
7.990549041288075e-006	9.137820e-003	3.300000e+000	4.111499e-001
7.991549041288076e-006	9.137277e-003	3.300000e+000	4.111499e-001
7.993549041288077e-006	9.136208e-003	3.300000e+000	4.111501e-001
7.995999999999998e-006	9.134911e-003	3.300000e+000	4.111504e-001
7.996999999999998e-006	9.134407e-003	3.300000e+000	4.111505e-001
7.997999999999999e-006	9.133888e-003	3.300000e+000	4.111505e-001
7.998999999999999e-006	9.133369e-003	3.300000e+000	4.111506e-001
8.000000000000000e-006	9.131154e-003	3.300000e+000	4.111507e-001
8.000014369340110e-006	9.132002e-003	3.252581e+000	4.111507e-001
8.000043108020334e-006	9.132668e-003	3.157743e+000	4.111507e-001
8.000100585380780e-006	9.132599e-003	2.968068e+000	4.111508e-001
8.000177509257571e-006	9.131921e-003	2.714219e+000	4.111508e-001
8.000256232011530e-006	9.130633e-003	2.454434e+000	4.111508e-001
8.000338549162782e-006	9.128450e-003	2.182788e+000	4.111508e-001
8.000413985452349e-006	9.125468e-003	1.933848e+000	4.111508e-001
8.000542746847255e-006	9.118102e-003	1.508935e+000	4.111508e-001
8.000742477210186e-006	9.102312e-003	8.498252e-001	4.111508e-001
8.001000000000000e-006	9.077359e-003	0.000000e+000	4.111508e-001
8.001025752278982e-006	9.074315e-003	0.000000e+000	4.111508e-001
8.001077256836945e-006	9.068208e-003	0.000000e+000	4.111508e-001
8.001180265952871e-006	9.056319e-003	0.000000e+000	4.111508e-001
8.001383911964856e-006	9.034946e-003	0.000000e+000	4.111509e-001
8.001591287375885e-006	9.017197e-003	0.000000e+000	4.111509e-001
8.001806594328829e-006	9.004047e-003	0.000000e+000	4.111509e-001
8.002014995973893e-006	8.996280e-003	0.000000e+000	4.111509e-001
8.002260964162332e-006	8.992096e-003	0.000000e+000	4.111510e-001
8.002536527592794e-006	8.991761e-003	0.000000e+000	4.111510e-001
8.002890495606147e-006	8.995379e-003	0.000000e+000	4.111510e-001
8.003338807197161e-006	9.003052e-003	0.000000e+000	4.111511e-001
8.004031499930795e-006	9.017086e-003	0.000000e+000	4.111512e-001
8.004899875705417e-006	9.035333e-003	0.000000e+000	4.111513e-001
8.006364250124709e-006	9.066144e-003	0.000000e+000	4.111515e-001
8.008050559682252e-006	9.101772e-003	0.000000e+000	4.111517e-001
8.011423178797334e-006	9.173982e-003	0.000000e+000	4.111521e-001
8.018168417027500e-006	9.321607e-003	0.000000e+000	4.111524e-001
8.027934042027499e-006	9.541922e-003	0.000000e+000	4.111514e-001
8.047465292027498e-006	1.000882e-002	0.000000e+000	4.111441e-001
8.057230917027498e-006	1.025715e-002	0.000000e+000	4.111375e-001
8.076762167027497e-006	1.078661e-002	0.000000e+000	4.111186e-001
8.096293417027496e-006	1.136451e-002	0.000000e+000	4.110923e-001
8.115824667027496e-006	1.199737e-002	0.000000e+000	4.110588e-001
8.135355917027495e-006	1.269291e-002	0.000000e+000	4.110182e-001
8.154887167027494e-006	1.346038e-002	0.000000e+000	4.109703e-001
8.174418417027493e-006	1.431094e-002	0.000000e+000	4.109148e-001
8.193949667027492e-006	1.525817e-002	0.000000e+000	4.108513e-001
8.213480917027492e-006	1.631878e-002	0.000000e+000	4.107790e-001
8.223246542027491e-006	1.689791e-002	0.000000e+000	4.107394e-001
8.233012167027491e-006	1.751356e-002	0.000000e+000	4.106972e-001
8.242777792027491e-006	1.816917e-002	0.000000e+000	4.106523e-001
8.252543417027490e-006	1.886864e-002	0.000000e+000	4.106045e-001
8.262309042027490e-006	1.961636e-002	0.000000e+000	4.105537e-001
8.272074667027489e-006	2.041734e-002	0.000000e+000	4.104996e-001
8.281840292027489e-006	2.127730e-002	0.000000e+000	4.104420e-001
8.291605917027489e-006	2.220275e-002	0.000000e+000	4.103805e-001
8.301371542027488e-006	2.320124e-002	0.000000e+000	4.103149e-001
8.311137167027488e-006	2.428142e-002	0.000000e+000	4.102447e-001
8.320902792027487e-006	2.545336e-002	0.000000e+000	4.101695e-001
8.330668417027487e-006	2.672879e-002	0.000000e+000	4.100889e-001
8.340434042027487e-006	2.812139e-002	0.000000e+000	4.100022e-001
8.350199667027486e-006	2.964728e-002	0.000000e+000	4.099089e-001
8.359965292027486e-006	3.132547e-002	0.000000e+000	4.098080e-001
8.369730917027485e-006	3.317850e-002	0.000000e+000	4.096989e-001
8.379496542027485e-006	3.523326e-002	0.000000e+000	4.095804e-001
8.389262167027485e-006	3.752195e-002	0.000000e+000	4.094514e-001
8.399027792027484e-006	4.008338e-002	0.000000e+000	4.093103e-001
8.408793417027484e-006	4.296454e-002	0.000000e+000	4.091557e-001
8.418559042027483e-006	4.622269e-002	0.000000e+000	4.089854e-001
8.428324667027483e-006	4.992814e-002	0.000000e+000	4.087971e-001
8.438090292027483e-006	5.416783e-002	0.000000e+000	4.085879e-001
8.447855917027482e-006	5.905037e-002	0.000000e+000	4.083544e-001
8.457621542027482e-006	6.471308e-002	0.000000e+000	4.080923e-001
8.467387167027481e-006	7.133204e-002	0.000000e+000	4.077964e-001
8.477152792027481e-006	7.913721e-002	0.000000e+000	4.074604e-001
8.486918417027481e-006	8.843529e-002	0.000000e+000	4.070759e-001
8.496684042027480e-006	9.964514e-002	0.000000e+000	4.066327e-001
8.506449667027480e-006	1.133524e-001	0.000000e+000	4.061171e-001
8.516215292027479e-006	1.303900e-001	0.000000e+000	4.055111e-001
8.525980917027479e-006	1.519273e-001	0.000000e+000	4.047903e-001
8.535746542027479e-006	1.782802e-001	0.000000e+000	4.039237e-001
8.545512167027478e-006	2.076126e-001	0.000000e+000	4.028809e-001
8.555277792027478e-006	2.377476e-001	0.000000e+000	4.016442e-001
8.565043417027477e-006	2.679895e-001	0.000000e+000	4.002123e-001
8.574809042027477e-006	2.983520e-001	0.000000e+000	3.985947e-001
8.584574667027477e-006	3.288493e-001	0.000000e+000	3.968038e-001
8.594340292027476e-006	3.594964e-001	0.000000e+000	3.948518e-001
8.604105917027476e-006	3.903084e-001	0.000000e+000	3.927501e-001
8.613871542027475e-006	4.213014e-001	0.000000e+000	3.905091e-001
8.633402792027475e-006	4.838985e-001	0.000000e+000	3.856459e-001
8.652934042027474e-006	5.474331e-001	0.000000e+000	3.803270e-001
8.672465292027473e-006	6.120676e-001	0.000000e+000	3.746049e-001
8.701762167027472e-006	7.114893e-001	0.000000e+000	3.653536e-001
8.731059042027471e-006	8.145329e-001	0.000000e+000	3.553861e-001
8.749195202741756e-006	8.796429e-001	0.000000e+000	3.489003e-001
8.767331363456040e-006	9.475671e-001	0.000000e+000	3.421574e-001
8.785467524170326e-006	1.018306e+000	0.000000e+000	3.351576e-001
8.803603684884610e-006	1.091858e+000	0.000000e+000	3.279008e-001
8.821739845598896e-006	1.168225e+000	0.000000e+000	3.203870e-001
8.839876006313180e-006	1.247406e+000	0.000000e+000	3.126162e-001
8.858012167027465e-006	1.329401e+000	0.000000e+000	3.045883e-001
8.887309042027464e-006	1.472839e+000	0.000000e+000	2.909005e-001
8.916605917027463e-006	1.629961e+000	0.000000e+000	2.762636e-001
8.945902792027462e-006	1.803258e+000	0.000000e+000	2.605172e-001
8.975199667027461e-006	1.995181e+000	0.000000e+000	2.434756e-001
9.004496542027459e-006	2.207892e+000	0.000000e+000	2.249403e-001
9.024027792027459e-006	2.362067e+000	0.000000e+000	2.116569e-001
9.043559042027458e-006	2.526473e+000	0.000000e+000	1.975715e-001
9.063090292027457e-006	2.701155e+000	0.000000e+000	1.826425e-001
9.082621542027456e-006	2.885885e+000	0.000000e+000	1.668431e-001
9.092387167027456e-006	2.981854e+000	0.000000e+000	1.586141e-001
9.102152792027455e-006	3.080089e+000	0.000000e+000	1.501673e-001
9.111918417027455e-006	3.180446e+000	0.000000e+000	1.415065e-001
9.121684042027455e-006	3.282744e+000	0.000000e+000	1.326379e-001
9.131449667027454e-006	3.386758e+000	0.000000e+000	1.235707e-001
9.141215292027454e-006	3.492200e+000	0.000000e+000	1.143175e-001
9.150980917027453e-006	3.598713e+000	0.000000e+000	1.048949e-001
9.160746542027453e-006	3.705835e+000	0.000000e+000	9.532475e-002
9.170512167027453e-006	3.812965e+000	0.000000e+000	8.563483e-002
9.180277792027452e-006	3.919292e+000	0.000000e+000	7.586090e-002
9.190043417027452e-006	4.023679e+000	0.000000e+000	6.604871e-002
9.199809042027452e-006	4.124435e+000	0.000000e+000	5.625729e-002
9.209574667027451e-006	4.218844e+000	0.000000e+000	4.656397e-002
9.219340292027451e-006	4.302050e+000	0.000000e+000	3.707308e-002
9.229105917027450e-006	4.364142e+000	0.000000e+000	2.793311e-002
9.238871542027450e-006	4.383450e+000	0.000000e+000	1.937427e-002
9.248637167027450e-006	4.334284e+000	0.000000e+000	1.162256e-002
9.255013376779846e-006	4.240833e+000	0.000000e+000	7.306152e-003
9.262054097618052e-006	4.073392e+000	0.000000e+000	3.603633e-003
9.269245385309544e-006	3.869293e+000	0.000000e+000	1.101438e-003
9.276559697100550e-006	3.669465e+000	0.000000e+000	-3.333682e-006
9.283604873409619e-006	3.518357e+000	0.000000e+000	1.656182e-004
9.288411864498134e-006	3.453472e+000	0.000000e+000	8.959926e-004
9.291374303292921e-006	3.438115e+000	0.000000e+000	1.589789e-003
9.295179835954882e-006	3.446699e+000	0.000000e+000	2.648808e-003
9.299003275645458e-006	3.484725e+000	0.000000e+000	3.779941e-003
9.304923313909244e-006	3.591700e+000	0.000000e+000	5.479473e-003
9.311049532162674e-006	3.746200e+000	0.000000e+000	6.910497e-003
9.319179125933011e-006	3.985680e+000	0.000000e+000	7.993132e-003
9.327315840785882e-006	4.211954e+000	0.000000e+000	7.952995e-003
9.336433265459165e-006	4.406988e+000	0.000000e+000	6.685765e-003
9.341527835181089e-006	4.470501e+000	0.000000e+000	5.482990e-003
9.344957997891890e-006	4.483549e+000	0.000000e+000	4.478157e-003
9.348082241274200e-006	4.474966e+000	0.000000e+000	3.501988e-003
9.351235845001060e-006	4.447433e+000	0.000000e+000	2.519302e-003
9.356115918346870e-006	4.376315e+000	0.000000e+000	1.103518e-003
9.361775751718346e-006	4.265190e+000	0.000000e+000	-2.334115e-004
9.369189341856841e-006	4.098561e+000	0.000000e+000	-1.333013e-003
9.376384812108905e-006	3.943924e+000	0.000000e+000	-1.612031e-003
9.382993153041214e-006	3.831484e+000	0.000000e+000	-1.153906e-003
9.388316380127575e-006	3.773512e+000	0.000000e+000	-3.547913e-004
9.391581895357098e-006	3.758944e+000	0.000000e+000	3.035712e-004
9.395290497404237e-006	3.764116e+000	0.000000e+000	1.152348e-003
9.398987920240535e-006	3.790702e+000	0.000000e+000	2.024472e-003
9.404729679682955e-006	3.866279e+000	0.000000e+000	3.307587e-003
9.410761221320959e-006	3.977323e+000	0.000000e+000	4.390612e-003
9.418744553020509e-006	4.149502e+000	0.000000e+000	5.222286e-003
9.426310826895537e-006	4.304815e+000	0.000000e+000	5.247422e-003
9.435133418756473e-006	4.446126e+000	0.000000e+000	4.414554e-003
9.440425237501484e-006	4.497053e+000	0.000000e+000	3.541376e-003
9.443901666894097e-006	4.508304e+000	0.000000e+000	2.820316e-003
9.447037992972903e-006	4.502881e+000	0.000000e+000	2.121706e-003
9.450137760486139e-006	4.483469e+000	0.000000e+000	1.431662e-003
9.455031762908716e-006	4.431039e+000	0.000000e+000	4.160810e-004
9.460617009985270e-006	4.349254e+000	0.000000e+000	-5.271532e-004
9.467979404080128e-006	4.223877e+000	0.000000e+000	-1.312727e-003
9.474705363077274e-006	4.111335e+000	0.000000e+000	-1.516157e-003
9.480584143205192e-006	4.030260e+000	0.000000e+000	-1.235403e-003
9.486329764990731e-006	3.976641e+000	0.000000e+000	-6.109464e-004
9.490412609154174e-006	3.958379e+000	0.000000e+000	-2.115257e-006
9.493939672197543e-006	3.958858e+000	0.000000e+000	6.059529e-004
9.497293834681959e-006	3.974247e+000	0.000000e+000	1.209415e-003
9.502647340022638e-006	4.022439e+000	0.000000e+000	2.136138e-003
9.508415719871429e-006	4.097947e+000	0.000000e+000	2.972151e-003
9.515948604224803e-006	4.218091e+000	0.000000e+000	3.686586e-003
9.522867700552126e-006	4.329289e+000	0.000000e+000	3.856265e-003
9.531133254418094e-006	4.440166e+000	0.000000e+000	3.445121e-003
9.537679295998858e-006	4.498661e+000	0.000000e+000	2.738809e-003
9.541752036998832e-006	4.515369e+000	0.000000e+000	2.145280e-003
9.544631507436574e-006	4.514772e+000	0.000000e+000	1.676535e-003
9.548602196827796e-006	4.499635e+000	0.000000e+000	1.017472e-003
9.552620274452253e-006	4.470150e+000	0.000000e+000	3.898884e-004
9.558726956777622e-006	4.405332e+000	0.000000e+000	-4.118375e-004
9.565105680769558e-006	4.324392e+000	0.000000e+000	-9.888575e-004
9.571100000552764e-006	4.245594e+000	0.000000e+000	-1.217046e-003
9.576558206670719e-006	4.181270e+000	0.000000e+000	-1.133124e-003
9.581543483667718e-006	4.135899e+000	0.000000e+000	-8.245733e-004
9.586190941307585e-006	4.109058e+000	0.000000e+000	-3.729237e-004
9.590136507979004e-006	4.100231e+000	0.000000e+000	1.038770e-004
9.594027926540957e-006	4.105047e+000	0.000000e+000	6.245832e-004
9.597940099559124e-006	4.123640e+000	0.000000e+000	1.154962e-003
9.603636185185911e-006	4.169859e+000	0.000000e+000	1.868677e-003
9.609434638559992e-006	4.232975e+000	0.000000e+000	2.444930e-003
9.616167752895890e-006	4.316971e+000	0.000000e+000	2.836277e-003
9.623013102862949e-006	4.399205e+000	0.000000e+000	2.874038e-003
9.630829284081014e-006	4.474946e+000	0.000000e+000	2.509844e-003
9.636689582629028e-006	4.511706e+000	0.000000e+000	2.001543e-003
9.640541880134227e-006	4.522203e+000	0.000000e+000	1.569995e-003
9.643524901333552e-006	4.521188e+000	0.000000e+000	1.203251e-003
9.647135831833412e-006	4.510280e+000	0.000000e+000	7.540212e-004
9.651461578129491e-006	4.485827e+000	0.000000e+000	2.494161e-004
9.657333775772101e-006	4.438411e+000	0.000000e+000	-3.195909e-004
9.664029311597142e-006	4.373896e+000	0.000000e+000	-7.576271e-004
9.669880378149840e-006	4.315714e+000	0.000000e+000	-9.127075e-004
9.674836208740331e-006	4.271088e+000	0.000000e+000	-8.520972e-004
9.679135429261025e-006	4.239830e+000	0.000000e+000	-6.622979e-004
9.682745218858741e-006	4.220705e+000	0.000000e+000	-4.185277e-004
9.685424333275831e-006	4.211821e+000	0.000000e+000	-1.938124e-004
9.688154697407375e-006	4.208296e+000	0.000000e+000	6.585944e-005
9.691738768808333e-006	4.211024e+000	0.000000e+000	4.309792e-004
9.695286193249566e-006	4.221434e+000	0.000000e+000	8.007965e-004
9.699144966727482e-006	4.241534e+000	0.000000e+000	1.189098e-003
9.703948397181801e-006	4.276562e+000	0.000000e+000	1.616466e-003
9.709363693797651e-006	4.324834e+000	0.000000e+000	1.981331e-003
9.715636723717729e-006	4.385324e+000	0.000000e+000	2.205453e-003
9.722436282943223e-006	4.446323e+000	0.000000e+000	2.183080e-003
9.730080354907297e-006	4.500183e+000	0.000000e+000	1.872248e-003
9.735481417168551e-006	4.524096e+000	0.000000e+000	1.499720e-003
9.739133625659174e-006	4.530591e+000	0.000000e+000	1.184491e-003
9.742228576214987e-006	4.529276e+000	0.000000e+000	8.955723e-004
9.745468744978051e-006	4.521415e+000	0.000000e+000	5.921249e-004
9.750165496290434e-006	4.500784e+000	0.000000e+000	1.817364e-004
9.755804193007319e-006	4.465980e+000	0.000000e+000	-2.211011e-004
9.762895432268149e-006	4.414037e+000	0.000000e+000	-5.522115e-004
9.768706381591761e-006	4.370556e+000	0.000000e+000	-6.524469e-004
9.773271866233101e-006	4.339690e+000	0.000000e+000	-6.000109e-004
9.777130112404054e-006	4.318220e+000	0.000000e+000	-4.701896e-004
9.779913356841767e-006	4.306727e+000	0.000000e+000	-3.298922e-004
9.783446543893091e-006	4.297817e+000	0.000000e+000	-1.062360e-004
9.787405843579100e-006	4.294800e+000	0.000000e+000	1.805139e-004
9.791518591293409e-006	4.299703e+000	0.000000e+000	5.007327e-004
9.795804648603861e-006	4.313162e+000	0.000000e+000	8.353291e-004
9.800184085931568e-006	4.334702e+000	0.000000e+000	1.151265e-003
9.805016017490372e-006	4.365492e+000	0.000000e+000	1.437583e-003
9.810715094840180e-006	4.406859e+000	0.000000e+000	1.660673e-003
9.817048735073917e-006	4.452985e+000	0.000000e+000	1.739251e-003
9.824191948259946e-006	4.497063e+000	0.000000e+000	1.611628e-003
9.832077728313574e-006	4.530734e+000	0.000000e+000	1.267186e-003
9.836693340961835e-006	4.540491e+000	0.000000e+000	9.858839e-004
9.839628759419599e-006	4.540657e+000	0.000000e+000	7.811182e-004
9.843567158392169e-006	4.534433e+000	0.000000e+000	5.007119e-004
9.847586319782519e-006	4.521875e+000	0.000000e+000	2.325432e-004
9.853664231107139e-006	4.494184e+000	0.000000e+000	-1.059650e-004
9.860033248355301e-006	4.459320e+000	0.000000e+000	-3.500014e-004
9.865542270666446e-006	4.427739e+000	0.000000e+000	-4.425145e-004
9.870221366217663e-006	4.402919e+000	0.000000e+000	-4.221965e-004
9.874210161100097e-006	4.385050e+000	0.000000e+000	-3.360818e-004
9.877127323589867e-006	4.375102e+000	0.000000e+000	-2.330310e-004
9.880822304498913e-006	4.366954e+000	0.000000e+000	-6.316500e-005
9.884583114385617e-006	4.363578e+000	0.000000e+000	1.385442e-004
9.888389277300869e-006	4.365578e+000	0.000000e+000	3.618215e-004
9.892204443719832e-006	4.372934e+000	0.000000e+000	5.911493e-004
9.896125968081365e-006	4.385537e+000	0.000000e+000	8.182306e-004
9.899938753445728e-006	4.402177e+000	0.000000e+000	1.013367e-003
9.905259725855663e-006	4.430129e+000	0.000000e+000	1.224568e-003
9.910894954710255e-006	4.462053e+000	0.000000e+000	1.351779e-003
9.917772943771366e-006	4.499162e+000	0.000000e+000	1.358161e-003
9.924939199671301e-006	4.530551e+000	0.000000e+000	1.211385e-003
9.930729825425322e-006	4.547394e+000	0.000000e+000	9.930934e-004
9.934732349350342e-006	4.552998e+000	0.000000e+000	7.993669e-004
9.937563574866272e-006	4.553067e+000	0.000000e+000	6.485386e-004
9.941609816569012e-006	4.548348e+000	0.000000e+000	4.296674e-004
9.945553581873501e-006	4.539124e+000	0.000000e+000	2.300633e-004
9.951688842309787e-006	4.518062e+000	0.000000e+000	-2.902389e-005
9.957960678072972e-006	4.492169e+000	0.000000e+000	-2.111896e-004
9.963459040362214e-006	4.468376e+000	0.000000e+000	-2.807191e-004
9.968212061141169e-006	4.449388e+000	0.000000e+000	-2.641008e-004
9.972313838995560e-006	4.435673e+000	0.000000e+000	-1.949068e-004
9.975452639422097e-006	4.427766e+000	0.000000e+000	-1.089821e-004
9.978864733436998e-006	4.422259e+000	0.000000e+000	1.151158e-005
9.982313261693814e-006	4.420035e+000	0.000000e+000	1.528097e-004
9.986061199278197e-006	4.421507e+000	0.000000e+000	3.201011e-004
9.989810861496121e-006	4.426960e+000	0.000000e+000	4.916295e-004
9.994007463554188e-006	4.437015e+000	0.000000e+000	6.784840e-004
9.996742951365462e-006	4.445457e+000	0.000000e+000	7.933036e-004
9.997742951365462e-006	4.449020e+000	0.000000e+000	8.322442e-004
9.998999999999999e-006	4.453837e+000	0.000000e+000	8.780248e-004
9.999999999999999e-006	4.457799e+000	0.000000e+000	9.128932e-004
