time	V(vgate)	V(vout)	I(D3)
0.000000000000000e+000	3.300000e+000	7.492814e-003	3.465263e-001
6.249999897583222e-013	3.300000e+000	7.492814e-003	3.465263e-001
1.249999979516644e-012	3.300000e+000	7.492814e-003	3.465263e-001
1.874999969274967e-012	3.300000e+000	7.492814e-003	3.465263e-001
2.499999959033289e-012	3.300000e+000	7.492814e-003	3.465263e-001
3.124999948791611e-012	3.300000e+000	7.492814e-003	3.465263e-001
3.749999938549933e-012	3.300000e+000	7.492814e-003	3.465263e-001
4.374999928308254e-012	3.300000e+000	7.492814e-003	3.465263e-001
8.749999856616508e-012	3.300000e+000	7.492814e-003	3.465263e-001
1.374494661478610e-011	3.299999e+000	7.492813e-003	3.465263e-001
1.885031357918058e-011	3.299999e+000	7.492812e-003	3.465263e-001
2.388100038321286e-011	3.299997e+000	7.492810e-003	3.465263e-001
3.002146194213834e-011	3.299994e+000	7.492804e-003	3.465263e-001
3.788084375169781e-011	3.299989e+000	7.492790e-003	3.465264e-001
4.811894678445112e-011	3.299979e+000	7.492758e-003	3.465264e-001
6.142723222728277e-011	3.299959e+000	7.492681e-003	3.465264e-001
7.907332504597071e-011	3.299918e+000	7.492501e-003	3.465264e-001
1.028718976975444e-010	3.299831e+000	7.492070e-003	3.465264e-001
1.362079621510156e-010	3.299642e+000	7.491012e-003	3.465264e-001
1.856920626360538e-010	3.299195e+000	7.488257e-003	3.465265e-001
2.704309082510078e-010	3.297971e+000	7.480170e-003	3.465266e-001
4.192474898455331e-010	3.294818e+000	7.458672e-003	3.465267e-001
5.748888667140143e-010	3.290400e+000	7.428556e-003	3.465268e-001
7.732023442597180e-010	3.283714e+000	7.383527e-003	3.465269e-001
8.397790530976782e-010	3.281106e+000	7.366595e-003	3.465269e-001
1.000000000000000e-009	3.274499e+000	7.324909e-003	3.465270e-001
1.025239983897682e-009	3.273417e+000	7.318264e-003	3.465270e-001
1.058893295761257e-009	3.272000e+000	7.309610e-003	3.465270e-001
1.126199919488408e-009	3.269347e+000	7.293834e-003	3.465270e-001
1.260813166942711e-009	3.264768e+000	7.268950e-003	3.465270e-001
1.459274096894779e-009	3.259424e+000	7.245690e-003	3.465271e-001
1.680923042779604e-009	3.254917e+000	7.234033e-003	3.465272e-001
1.921280668105472e-009	3.251107e+000	7.232083e-003	3.465272e-001
2.209443930010514e-009	3.247202e+000	7.236368e-003	3.465272e-001
2.590891719705012e-009	3.242420e+000	7.245880e-003	3.465272e-001
3.131153353506059e-009	3.235857e+000	7.261397e-003	3.465273e-001
3.960081880430315e-009	3.225896e+000	7.286149e-003	3.465273e-001
5.440696173958590e-009	3.208219e+000	7.331012e-003	3.465273e-001
8.401924761015137e-009	3.173229e+000	7.422556e-003	3.465274e-001
1.432438193512823e-008	3.104354e+000	7.611412e-003	3.465274e-001
2.116031943512824e-008	3.026499e+000	7.838552e-003	3.465267e-001
2.799625693512824e-008	2.950530e+000	8.077040e-003	3.465251e-001
3.483219443512824e-008	2.876466e+000	8.328092e-003	3.465221e-001
4.850406943512824e-008	2.733858e+000	8.871747e-003	3.465117e-001
6.217594443512823e-008	2.598301e+000	9.478290e-003	3.464954e-001
7.584781943512822e-008	2.469440e+000	1.015850e-002	3.464730e-001
8.268375693512822e-008	2.407415e+000	1.053029e-002	3.464594e-001
8.951969443512821e-008	2.346940e+000	1.092576e-002	3.464443e-001
9.635563193512820e-008	2.287975e+000	1.134714e-002	3.464275e-001
1.031915694351282e-007	2.230483e+000	1.179694e-002	3.464089e-001
1.100275069351282e-007	2.174426e+000	1.227798e-002	3.463886e-001
1.168634444351282e-007	2.119770e+000	1.279351e-002	3.463664e-001
1.236993819351282e-007	2.066481e+000	1.334721e-002	3.463422e-001
1.305353194351282e-007	2.014525e+000	1.394333e-002	3.463159e-001
1.373712569351282e-007	1.963871e+000	1.458674e-002	3.462873e-001
1.442071944351282e-007	1.914490e+000	1.528311e-002	3.462564e-001
1.510431319351282e-007	1.866352e+000	1.603903e-002	3.462228e-001
1.578790694351282e-007	1.819431e+000	1.686220e-002	3.461865e-001
1.647150069351282e-007	1.773702e+000	1.776173e-002	3.461471e-001
1.715509444351282e-007	1.729142e+000	1.874837e-002	3.461043e-001
1.783868819351283e-007	1.685730e+000	1.983498e-002	3.460578e-001
1.852228194351283e-007	1.643450e+000	2.103697e-002	3.460072e-001
1.920587569351283e-007	1.602285e+000	2.237296e-002	3.459520e-001
1.988946944351283e-007	1.562226e+000	2.386564e-002	3.458917e-001
2.057306319351283e-007	1.523265e+000	2.554280e-002	3.458256e-001
2.125665694351283e-007	1.485402e+000	2.743877e-002	3.457529e-001
2.194025069351283e-007	1.448643e+000	2.959629e-002	3.456725e-001
2.262384444351283e-007	1.413003e+000	3.206896e-002	3.455835e-001
2.330743819351283e-007	1.378507e+000	3.492460e-002	3.454843e-001
2.399103194351283e-007	1.345197e+000	3.824973e-002	3.453731e-001
2.467462569351283e-007	1.313131e+000	4.215589e-002	3.452479e-001
2.535821944351283e-007	1.282397e+000	4.678858e-002	3.451058e-001
2.604181319351283e-007	1.253114e+000	5.234043e-002	3.449434e-001
2.672540694351284e-007	1.225457e+000	5.907160e-002	3.447563e-001
2.740900069351284e-007	1.199675e+000	6.734276e-002	3.445388e-001
2.809259444351284e-007	1.176137e+000	7.767159e-002	3.442833e-001
2.877618819351284e-007	1.155413e+000	9.083382e-002	3.439795e-001
2.945978194351284e-007	1.138412e+000	1.080476e-001	3.436132e-001
3.014337569351284e-007	1.126633e+000	1.312887e-001	3.431637e-001
3.082696944351284e-007	1.120941e+000	1.618209e-001	3.426019e-001
3.151056319351284e-007	1.119448e+000	1.975595e-001	3.418945e-001
3.219415694351284e-007	1.119119e+000	2.349408e-001	3.410146e-001
3.287775069351284e-007	1.118733e+000	2.725227e-001	3.399499e-001
3.356134444351284e-007	1.118290e+000	3.103255e-001	3.387009e-001
3.424493819351284e-007	1.117794e+000	3.483767e-001	3.372740e-001
3.492853194351284e-007	1.117246e+000	3.867013e-001	3.356779e-001
3.561212569351284e-007	1.116649e+000	4.253296e-001	3.339215e-001
3.629571944351285e-007	1.116004e+000	4.642918e-001	3.320132e-001
3.697931319351285e-007	1.115312e+000	5.036219e-001	3.299612e-001
3.766290694351285e-007	1.114576e+000	5.433559e-001	3.277727e-001
3.834650069351285e-007	1.113795e+000	5.835334e-001	3.254543e-001
3.971368819351285e-007	1.112104e+000	6.653925e-001	3.204510e-001
4.108087569351285e-007	1.110241e+000	7.495874e-001	3.149906e-001
4.244806319351285e-007	1.108204e+000	8.365792e-001	3.091027e-001
4.449884444351285e-007	1.104810e+000	9.735441e-001	2.995091e-001
4.654962569351286e-007	1.100971e+000	1.120394e+000	2.890202e-001
4.791681319351285e-007	1.098132e+000	1.225239e+000	2.815197e-001
4.928400069351284e-007	1.095035e+000	1.336875e+000	2.735904e-001
5.065118819351283e-007	1.091645e+000	1.456528e+000	2.652005e-001
5.201837569351283e-007	1.087914e+000	1.585548e+000	2.563068e-001
5.338556319351282e-007	1.083786e+000	1.725365e+000	2.468546e-001
5.475275069351281e-007	1.079190e+000	1.877426e+000	2.367789e-001
5.611993819351280e-007	1.074041e+000	2.043106e+000	2.260052e-001
5.748712569351279e-007	1.068234e+000	2.223613e+000	2.144531e-001
5.817071944351278e-007	1.065043e+000	2.319732e+000	2.083591e-001
5.885431319351278e-007	1.061636e+000	2.419881e+000	2.020393e-001
5.953790694351278e-007	1.057989e+000	2.524115e+000	1.954839e-001
6.022150069351277e-007	1.054076e+000	2.632460e+000	1.886834e-001
6.090509444351277e-007	1.049869e+000	2.744906e+000	1.816292e-001
6.158868819351276e-007	1.045332e+000	2.861403e+000	1.743135e-001
6.227228194351276e-007	1.040423e+000	2.981857e+000	1.667302e-001
6.295587569351275e-007	1.035094e+000	3.106123e+000	1.588745e-001
6.363946944351275e-007	1.029285e+000	3.233998e+000	1.507436e-001
6.432306319351274e-007	1.022921e+000	3.365210e+000	1.423371e-001
6.500665694351274e-007	1.015910e+000	3.499402e+000	1.336576e-001
6.569025069351273e-007	1.008134e+000	3.636114e+000	1.247108e-001
6.637384444351273e-007	9.994384e-001	3.774752e+000	1.155068e-001
6.705743819351272e-007	9.896162e-001	3.914541e+000	1.060607e-001
6.774103194351272e-007	9.783834e-001	4.054456e+000	9.639373e-002
6.842462569351272e-007	9.653389e-001	4.193109e+000	8.653501e-002
6.910821944351271e-007	9.498994e-001	4.328570e+000	7.652365e-002
6.979181319351271e-007	9.311976e-001	4.458083e+000	6.641190e-002
7.047540694351270e-007	9.079335e-001	4.577642e+000	5.626947e-002
7.115900069351270e-007	8.782157e-001	4.681511e+000	4.618948e-002
7.184259444351269e-007	8.395528e-001	4.762043e+000	3.629570e-002
7.252618819351269e-007	7.892985e-001	4.810579e+000	2.674873e-002
7.320978194351268e-007	7.256651e-001	4.819824e+000	1.774621e-002
7.389337569351268e-007	6.487617e-001	4.786585e+000	9.511366e-003
7.457696944351267e-007	5.608359e-001	4.712878e+000	2.268938e-003
7.526056319351267e-007	4.656203e-001	4.604924e+000	-3.785174e-003
7.594415694351267e-007	3.674574e-001	4.471364e+000	-8.510294e-003
7.662775069351266e-007	2.707111e-001	4.321898e+000	-1.183642e-002
7.731134444351266e-007	1.794682e-001	4.166462e+000	-1.376753e-002
7.799493819351265e-007	9.736700e-002	4.014664e+000	-1.437551e-002
7.867853194351265e-007	2.746233e-002	3.875312e+000	-1.378857e-002
7.936212569351264e-007	-2.790421e-002	3.755996e+000	-1.217833e-002
8.004360534935255e-007	-6.705480e-002	3.663088e+000	-9.752898e-003
8.072719909935254e-007	-8.954187e-002	3.600344e+000	-6.715374e-003
8.141079284935254e-007	-9.607346e-002	3.569098e+000	-3.301515e-003
8.197983208472924e-007	-8.954934e-002	3.568595e+000	-3.198183e-004
8.253457016131454e-007	-7.278698e-002	3.592209e+000	2.570917e-003
8.321816391131453e-007	-4.143602e-002	3.648633e+000	5.941187e-003
8.390175766131453e-007	-1.559736e-003	3.729842e+000	8.955790e-003
8.458535141131452e-007	4.418354e-002	3.831956e+000	1.146693e-002
8.525371229126444e-007	9.130790e-002	3.946149e+000	1.332204e-002
8.593730604126444e-007	1.386312e-001	4.070874e+000	1.453446e-002
8.662089979126443e-007	1.819947e-001	4.196568e+000	1.502991e-002
8.730449354126443e-007	2.187364e-001	4.316523e+000	1.481037e-002
8.798808729126442e-007	2.467587e-001	4.424566e+000	1.391590e-002
8.867168104126442e-007	2.646169e-001	4.515457e+000	1.241641e-002
8.935527479126441e-007	2.715545e-001	4.585155e+000	1.040769e-002
9.003886854126441e-007	2.674961e-001	4.631001e+000	8.008575e-003
9.072246229126440e-007	2.534794e-001	4.653138e+000	5.360002e-003
9.125769153400304e-007	2.356584e-001	4.652509e+000	3.202375e-003
9.186819994994146e-007	2.087012e-001	4.632460e+000	7.708295e-004
9.255179369994145e-007	1.727711e-001	4.590775e+000	-1.776259e-003
9.323538744994145e-007	1.326541e-001	4.532059e+000	-4.008404e-003
9.391898119994144e-007	9.038183e-002	4.460114e+000	-5.801757e-003
9.460257494994144e-007	4.820370e-002	4.379870e+000	-7.069201e-003
9.528616869994143e-007	8.274701e-003	4.296484e+000	-7.762368e-003
9.596976244994144e-007	-2.745055e-002	4.215035e+000	-7.872217e-003
9.665335619994145e-007	-5.731150e-002	4.140255e+000	-7.426235e-003
9.733694994994145e-007	-8.001958e-002	4.076283e+000	-6.483313e-003
9.802054369994146e-007	-9.471692e-002	4.026461e+000	-5.127288e-003
9.870413744994146e-007	-1.010125e-001	3.993199e+000	-3.459919e-003
9.938773119994147e-007	-9.929122e-002	3.977144e+000	-1.595105e-003
9.996205554602210e-007	-9.180612e-002	3.977689e+000	4.628270e-005
1.005078725561193e-006	-7.958848e-002	3.991150e+000	1.596653e-003
1.011914663061193e-006	-5.897957e-002	4.022937e+000	3.432680e-003
1.018750600561194e-006	-3.419752e-002	4.068232e+000	5.072278e-003
1.025586538061194e-006	-6.597456e-003	4.124997e+000	6.430070e-003
1.032422475561194e-006	2.206591e-002	4.189763e+000	7.447852e-003
1.038926403734762e-006	4.870101e-002	4.255466e+000	8.053290e-003
1.045762341234762e-006	7.443631e-002	4.325059e+000	8.289246e-003
1.052598278734762e-006	9.651039e-002	4.391502e+000	8.127812e-003
1.059434216234762e-006	1.137650e-001	4.451416e+000	7.588149e-003
1.066270153734762e-006	1.253940e-001	4.501893e+000	6.713579e-003
1.073106091234762e-006	1.309517e-001	4.540675e+000	5.563860e-003
1.079942028734762e-006	1.303583e-001	4.566253e+000	4.211735e-003
1.086777966234762e-006	1.241408e-001	4.578624e+000	2.738946e-003
1.092214900266101e-006	1.152536e-001	4.578317e+000	1.534768e-003
1.098184852673713e-006	1.017890e-001	4.567429e+000	2.423925e-004
1.105020790173713e-006	8.304210e-002	4.544177e+000	-1.130001e-003
1.111856727673713e-006	6.183725e-002	4.511371e+000	-2.323597e-003
1.118692665173713e-006	3.929338e-002	4.471052e+000	-3.274933e-003
1.125528602673713e-006	1.668576e-002	4.425979e+000	-3.939519e-003
1.132364540173713e-006	-4.782166e-003	4.379036e+000	-4.294580e-003
1.138955967837624e-006	-2.331307e-002	4.334727e+000	-4.332538e-003
1.145791905337624e-006	-3.934446e-002	4.292422e+000	-4.068673e-003
1.152627842837624e-006	-5.145259e-002	4.256127e+000	-3.531087e-003
1.159463780337624e-006	-5.911245e-002	4.227814e+000	-2.760913e-003
1.166299717837624e-006	-6.208979e-002	4.208903e+000	-1.813130e-003
1.173135655337624e-006	-6.058478e-002	4.199819e+000	-7.508065e-004
1.178902481231766e-006	-5.591871e-002	4.200233e+000	1.903696e-004
1.184356677311312e-006	-4.864350e-002	4.208067e+000	1.077181e-003
1.191192614811312e-006	-3.653988e-002	4.226505e+000	2.130452e-003
1.198028552311312e-006	-2.208417e-002	4.252763e+000	3.072892e-003
1.204864489811312e-006	-6.035548e-003	4.285585e+000	3.860789e-003
1.210912756262665e-006	8.741939e-003	4.318697e+000	4.395695e-003
1.216807480581443e-006	2.292856e-002	4.353255e+000	4.738301e-003
1.223643418081443e-006	3.828292e-002	4.393974e+000	4.916163e-003
1.230479355581443e-006	5.173999e-002	4.433351e+000	4.867658e-003
1.237315293081443e-006	6.258223e-002	4.469431e+000	4.596247e-003
1.244151230581443e-006	7.029542e-002	4.500457e+000	4.125150e-003
1.250987168081443e-006	7.456517e-002	4.525026e+000	3.487768e-003
1.257823105581443e-006	7.528508e-002	4.542152e+000	2.725544e-003
1.264659043081443e-006	7.255258e-002	4.551308e+000	1.885455e-003
1.271494980581444e-006	6.666831e-002	4.552475e+000	1.016996e-003
1.278170216996908e-006	5.828070e-002	4.546195e+000	1.894956e-004
1.285006154496908e-006	4.756010e-002	4.532959e+000	-5.906324e-004
1.291842091996908e-006	3.537997e-002	4.514063e+000	-1.262406e-003
1.298678029496909e-006	2.245470e-002	4.490891e+000	-1.791957e-003
1.305513966996909e-006	9.525429e-003	4.465046e+000	-2.155157e-003
1.312349904496909e-006	-2.713482e-003	4.438201e+000	-2.340420e-003
1.318884554187519e-006	-1.314073e-002	4.413169e+000	-2.344732e-003
1.325720491687519e-006	-2.218080e-002	4.389178e+000	-2.176020e-003
1.332556429187519e-006	-2.893351e-002	4.368749e+000	-1.851214e-003
1.339392366687519e-006	-3.309914e-002	4.353027e+000	-1.393706e-003
1.346228304187519e-006	-3.455145e-002	4.342830e+000	-8.352736e-004
1.353064241687519e-006	-3.332135e-002	4.338633e+000	-2.119697e-004
1.359900179187519e-006	-2.961779e-002	4.340475e+000	4.385066e-004
1.366355149036729e-006	-2.407666e-002	4.347710e+000	1.043019e-003
1.373191086536729e-006	-1.645692e-002	4.360663e+000	1.638129e-003
1.380027024036729e-006	-7.586969e-003	4.378098e+000	2.156844e-003
1.386862961536729e-006	2.002593e-003	4.399044e+000	2.573071e-003
1.393583638111077e-006	1.157228e-002	4.421916e+000	2.862433e-003
1.400419575611077e-006	2.089243e-002	4.446227e+000	3.023017e-003
1.407255513111077e-006	2.928506e-002	4.470296e+000	3.045856e-003
1.414091450611077e-006	3.630722e-002	4.492898e+000	2.934170e-003
1.420927388111077e-006	4.161254e-002	4.512932e+000	2.699076e-003
1.427763325611077e-006	4.496603e-002	4.529481e+000	2.358160e-003
1.434599263111077e-006	4.625244e-002	4.541862e+000	1.934279e-003
1.441435200611077e-006	4.547750e-002	4.549648e+000	1.454107e-003
1.448271138111077e-006	4.276225e-002	4.552690e+000	9.465257e-004
1.455107075611078e-006	3.835396e-002	4.551183e+000	4.401364e-004
1.461445756784880e-006	3.297840e-002	4.545905e+000	-2.561293e-006
1.468281694284880e-006	2.615415e-002	4.536599e+000	-4.263509e-004
1.475117631784880e-006	1.871388e-002	4.524441e+000	-7.753156e-004
1.481953569284880e-006	1.107152e-002	4.510260e+000	-1.032112e-003
1.488789506784880e-006	3.615571e-003	4.495018e+000	-1.191916e-003
1.494148705503053e-006	-1.806973e-003	4.482952e+000	-1.239841e-003
1.500211728330434e-006	-7.185618e-003	4.469920e+000	-1.207290e-003
1.507047665830434e-006	-1.213111e-002	4.456723e+000	-1.078764e-003
1.513883603330434e-006	-1.569647e-002	4.445798e+000	-8.638235e-004
1.520719540830434e-006	-1.770974e-002	4.437801e+000	-5.754575e-004
1.527555478330434e-006	-1.812150e-002	4.433167e+000	-2.331002e-004
1.534391415830435e-006	-1.697431e-002	4.432123e+000	1.415802e-004
1.541227353330435e-006	-1.439696e-002	4.434688e+000	5.259943e-004
1.548063290830435e-006	-1.059409e-002	4.440674e+000	8.979331e-004
1.554899228330435e-006	-5.831762e-003	4.449709e+000	1.236788e-003
1.561735165830435e-006	-4.200522e-004	4.461265e+000	1.524629e-003
1.568571103330435e-006	5.306300e-003	4.474689e+000	1.747089e-003
1.575407040830435e-006	1.100789e-002	4.489249e+000	1.894020e-003
1.582242978330435e-006	1.636014e-002	4.504177e+000	1.959886e-003
1.589078915830435e-006	2.107116e-002	4.518712e+000	1.943896e-003
1.595914853330435e-006	2.489696e-002	4.532144e+000	1.849870e-003
1.602750790830435e-006	2.765329e-002	4.543852e+000	1.685854e-003
1.609586728330435e-006	2.922359e-002	4.553336e+000	1.463520e-003
1.616422665830435e-006	2.956271e-002	4.560236e+000	1.197383e-003
1.623258603330435e-006	2.869652e-002	4.564356e+000	9.038859e-004
1.630094540830435e-006	2.671753e-002	4.565659e+000	6.004070e-004
1.636930478330435e-006	2.377700e-002	4.564270e+000	3.042461e-004
1.643766415830435e-006	2.007410e-002	4.560458e+000	3.164751e-005
1.650602353330436e-006	1.584292e-002	4.554621e+000	-2.030838e-004
1.657438290830436e-006	1.133809e-002	4.547252e+000	-3.883253e-004
1.664274228330436e-006	6.819750e-003	4.538911e+000	-5.156988e-004
1.671110165830436e-006	2.519026e-003	4.530174e+000	-5.826828e-004
1.676974877588298e-006	-8.041065e-004	4.522817e+000	-5.881722e-004
1.683352779724678e-006	-3.850878e-003	4.515444e+000	-5.395500e-004
1.690188717224678e-006	-6.363667e-003	4.508682e+000	-4.341223e-004
1.697024654724678e-006	-7.997755e-003	4.503489e+000	-2.813236e-004
1.703860592224678e-006	-8.685948e-003	4.500194e+000	-9.081689e-005
1.710696529724678e-006	-8.428380e-003	4.498995e+000	1.250316e-004
1.717532467224678e-006	-7.278423e-003	4.499962e+000	3.529221e-004
1.724368404724678e-006	-5.337730e-003	4.503038e+000	5.794049e-004
1.731204342224678e-006	-2.748695e-003	4.508054e+000	7.916399e-004
1.738040279724678e-006	3.151246e-004	4.514732e+000	9.780899e-004
1.744876217224679e-006	3.660021e-003	4.522717e+000	1.129113e-003
1.751712154724679e-006	7.083879e-003	4.531590e+000	1.237426e-003
1.758548092224679e-006	1.038796e-002	4.540895e+000	1.298422e-003
1.765384029724679e-006	1.338801e-002	4.550176e+000	1.310322e-003
1.772219967224679e-006	1.592413e-002	4.558986e+000	1.274171e-003
1.779055904724679e-006	1.786885e-002	4.566929e+000	1.193673e-003
1.785891842224679e-006	1.913302e-002	4.573668e+000	1.074885e-003
1.792727779724679e-006	1.966931e-002	4.578947e+000	9.257930e-004
1.799563717224679e-006	1.947322e-002	4.582601e+000	7.557917e-004
1.806399654724679e-006	1.858160e-002	4.584564e+000	5.751054e-004
1.813235592224679e-006	1.706898e-002	4.584867e+000	3.941811e-004
1.820071529724679e-006	1.504188e-002	4.583630e+000	2.230908e-004
1.826907467224679e-006	1.263163e-002	4.581058e+000	7.097479e-005
1.833743404724679e-006	9.986037e-003	4.577421e+000	-5.444057e-005
1.840579342224679e-006	7.260495e-003	4.573041e+000	-1.472286e-004
1.847415279724679e-006	4.609008e-003	4.568265e+000	-2.035300e-004
1.854251217224680e-006	2.175619e-003	4.563453e+000	-2.216930e-004
1.861087154724680e-006	8.671987e-005	4.558949e+000	-2.022820e-004
1.867923092224680e-006	-1.555380e-003	4.555069e+000	-1.479590e-004
1.874759029724680e-006	-2.677305e-003	4.552081e+000	-6.325193e-005
1.881594967224680e-006	-3.237670e-003	4.550190e+000	4.577508e-005
1.888430904724680e-006	-3.228229e-003	4.549535e+000	1.719235e-004
1.895266842224680e-006	-2.673124e-003	4.550177e+000	3.073107e-004
1.902102779724680e-006	-1.626323e-003	4.552102e+000	4.438394e-004
1.908938717224680e-006	-1.674669e-004	4.555224e+000	5.736611e-004
1.915774654724680e-006	1.603583e-003	4.559393e+000	6.896066e-004
1.922610592224680e-006	3.573151e-003	4.564405e+000	7.855616e-004
1.929446529724680e-006	5.620696e-003	4.570016e+000	8.567683e-004
1.936282467224680e-006	7.625885e-003	4.575957e+000	9.000412e-004
1.943118404724680e-006	9.475388e-003	4.581951e+000	9.138852e-004
1.949954342224680e-006	1.106901e-002	4.587726e+000	8.985168e-004
1.956790279724680e-006	1.232483e-002	4.593035e+000	8.557877e-004
1.963626217224680e-006	1.318314e-002	4.597663e+000	7.890206e-004
1.970462154724681e-006	1.360892e-002	4.601445e+000	7.027680e-004
1.977298092224681e-006	1.359285e-002	4.604267e+000	6.025111e-004
1.984134029724681e-006	1.315087e-002	4.606073e+000	4.943168e-004
1.990969967224681e-006	1.233799e-002	4.606915e+000	3.841128e-004
1.996378403704178e-006	1.144954e-002	4.606875e+000	2.997345e-004
2.002538606437693e-006	1.021646e-002	4.606110e+000	2.113760e-004
2.009374543937693e-006	8.679907e-003	4.604595e+000	1.264823e-004
2.016210481437693e-006	7.048925e-003	4.602539e+000	5.914250e-005
2.023046418937693e-006	5.411633e-003	4.600125e+000	1.266493e-005
2.029882356437694e-006	3.858732e-003	4.597568e+000	-1.121874e-005
2.036718293937694e-006	2.472788e-003	4.595081e+000	-1.211648e-005
2.043554231437694e-006	1.323900e-003	4.592868e+000	9.052901e-006
2.050390168937694e-006	4.547973e-004	4.591084e+000	4.964894e-005
2.056306095767246e-006	-3.017557e-005	4.590023e+000	9.879353e-005
2.062623606938634e-006	-2.476114e-004	4.589500e+000	1.629071e-004
2.069459544438634e-006	-1.663705e-004	4.589640e+000	2.406175e-004
2.075663540132274e-006	1.881456e-004	4.590450e+000	3.149903e-004
2.082460798072960e-006	8.568866e-004	4.592082e+000	3.962777e-004
2.089296735572960e-006	1.762172e-003	4.594417e+000	4.732614e-004
2.096132673072960e-006	2.845854e-003	4.597366e+000	5.412849e-004
2.102968610572960e-006	4.038977e-003	4.600804e+000	5.967593e-004
2.109804548072960e-006	5.268657e-003	4.604580e+000	6.369411e-004
2.116640485572960e-006	6.462711e-003	4.608532e+000	6.600507e-004
2.123476423072960e-006	7.553705e-003	4.612490e+000	6.653370e-004
2.130312360572960e-006	8.482581e-003	4.616292e+000	6.530805e-004
2.137148298072960e-006	9.201665e-003	4.619792e+000	6.245399e-004
2.143984235572960e-006	9.676928e-003	4.622863e+000	5.818444e-004
2.150820173072961e-006	9.889376e-003	4.625408e+000	5.278423e-004
2.157656110572961e-006	9.835552e-003	4.627365e+000	4.659136e-004
2.164492048072961e-006	9.527137e-003	4.628704e+000	3.997603e-004
2.171327985572961e-006	8.989710e-003	4.629432e+000	3.331855e-004
2.178163923072961e-006	8.260795e-003	4.629591e+000	2.698753e-004
2.184999860572961e-006	7.387289e-003	4.629251e+000	2.131948e-004
2.191835798072961e-006	6.422474e-003	4.628509e+000	1.660104e-004
2.198671735572961e-006	5.422786e-003	4.627481e+000	1.305459e-004
2.205507673072961e-006	4.444519e-003	4.626293e+000	1.082816e-004
2.212343610572961e-006	3.540670e-003	4.625075e+000	9.989813e-005
2.219179548072961e-006	2.758080e-003	4.623957e+000	1.052680e-004
2.226015485572961e-006	2.135026e-003	4.623054e+000	1.234936e-004
2.232851423072961e-006	1.699384e-003	4.622466e+000	1.529867e-004
2.239687360572961e-006	1.467448e-003	4.622271e+000	1.915842e-004
2.246523298072961e-006	1.443435e-003	4.622523e+000	2.366918e-004
2.253359235572961e-006	1.619698e-003	4.623248e+000	2.854466e-004
2.260195173072961e-006	1.977593e-003	4.624443e+000	3.348881e-004
2.267031110572962e-006	2.488942e-003	4.626080e+000	3.821292e-004
2.273867048072962e-006	3.117972e-003	4.628104e+000	4.245153e-004
2.280702985572962e-006	3.823622e-003	4.630445e+000	4.597653e-004
2.287538923072962e-006	4.562052e-003	4.633013e+000	4.860857e-004
2.294374860572962e-006	5.289225e-003	4.635711e+000	5.022535e-004
2.301210798072962e-006	5.963396e-003	4.638436e+000	5.076637e-004
2.308046735572962e-006	6.547383e-003	4.641088e+000	5.023404e-004
2.314882673072962e-006	7.010495e-003	4.643577e+000	4.869118e-004
2.321718610572962e-006	7.330014e-003	4.645821e+000	4.625532e-004
2.328554548072962e-006	7.492176e-003	4.647757e+000	4.308998e-004
2.335390485572962e-006	7.492614e-003	4.649342e+000	3.939382e-004
2.342226423072962e-006	7.336242e-003	4.650553e+000	3.538809e-004
2.349062360572962e-006	7.036638e-003	4.651389e+000	3.130337e-004
2.355898298072962e-006	6.614948e-003	4.651870e+000	2.736619e-004
2.362734235572962e-006	6.101060e-003	4.652048e+000	2.375436e-004
2.368130728359046e-006	5.646748e-003	4.651997e+000	2.127220e-004
2.373733123433394e-006	5.148333e-003	4.651789e+000	1.918518e-004
2.380569060933394e-006	4.537357e-003	4.651413e+000	1.733244e-004
2.387404998433394e-006	3.952824e-003	4.650978e+000	1.627050e-004
2.394240935933394e-006	3.424682e-003	4.650553e+000	1.605438e-004
2.401076873433394e-006	2.979572e-003	4.650214e+000	1.665832e-004
2.407912810933394e-006	2.638472e-003	4.650030e+000	1.801128e-004
2.414748748433394e-006	2.415457e-003	4.650056e+000	2.000180e-004
2.421525959555800e-006	2.318524e-003	4.650331e+000	2.246650e-004
2.428361897055800e-006	2.345844e-003	4.650887e+000	2.528384e-004
2.435197834555800e-006	2.491070e-003	4.651731e+000	2.825537e-004
2.442033772055800e-006	2.740910e-003	4.652854e+000	3.120248e-004
2.448869709555800e-006	3.076405e-003	4.654236e+000	3.395379e-004
2.455705647055800e-006	3.474479e-003	4.655838e+000	3.635533e-004
2.462541584555800e-006	3.909390e-003	4.657612e+000	3.827865e-004
2.469377522055800e-006	4.354282e-003	4.659503e+000	3.962703e-004
2.476213459555801e-006	4.782742e-003	4.661448e+000	4.033982e-004
2.483049397055801e-006	5.170274e-003	4.663387e+000	4.039447e-004
2.489885334555801e-006	5.495609e-003	4.665260e+000	3.980639e-004
2.496721272055801e-006	5.741786e-003	4.667012e+000	3.862674e-004
2.503557209555801e-006	5.896945e-003	4.668600e+000	3.693815e-004
2.510393147055801e-006	5.954806e-003	4.669988e+000	3.484896e-004
2.517229084555801e-006	5.914817e-003	4.671154e+000	3.248613e-004
2.524065022055801e-006	5.781968e-003	4.672091e+000	2.998741e-004
2.530900959555801e-006	5.566308e-003	4.672801e+000	2.749316e-004
2.537736897055801e-006	5.282183e-003	4.673302e+000	2.513835e-004
2.544572834555801e-006	4.947276e-003	4.673621e+000	2.304511e-004
2.551408772055801e-006	4.581480e-003	4.673795e+000	2.131635e-004
2.558244709555801e-006	4.205700e-003	4.673868e+000	2.003063e-004
2.565080647055801e-006	3.840635e-003	4.673887e+000	1.923866e-004
2.571916584555801e-006	3.505619e-003	4.673901e+000	1.896142e-004
2.578752522055801e-006	3.217584e-003	4.673955e+000	1.919014e-004
2.585588459555801e-006	2.990192e-003	4.674094e+000	1.988782e-004
2.592424397055802e-006	2.833189e-003	4.674353e+000	2.099245e-004
2.599260334555802e-006	2.751992e-003	4.674760e+000	2.242138e-004
2.606096272055802e-006	2.747554e-003	4.675333e+000	2.407675e-004
2.612932209555802e-006	2.816466e-003	4.676081e+000	2.585163e-004
2.619768147055802e-006	2.951312e-003	4.677001e+000	2.763630e-004
2.626604084555802e-006	3.141239e-003	4.678082e+000	2.932460e-004
2.633440022055802e-006	3.372690e-003	4.679302e+000	3.081977e-004
2.640275959555802e-006	3.630274e-003	4.680634e+000	3.203955e-004
2.647111897055802e-006	3.897700e-003	4.682044e+000	3.292028e-004
2.653947834555802e-006	4.158730e-003	4.683496e+000	3.341981e-004
2.660783772055802e-006	4.398092e-003	4.684952e+000	3.351906e-004
2.667619709555802e-006	4.602309e-003	4.686375e+000	3.322229e-004
2.674455647055802e-006	4.760388e-003	4.687730e+000	3.255597e-004
2.681291584555802e-006	4.864355e-003	4.688990e+000	3.156645e-004
2.688127522055802e-006	4.909585e-003	4.690132e+000	3.031666e-004
2.694963459555802e-006	4.894946e-003	4.691140e+000	2.888193e-004
2.701799397055803e-006	4.822727e-003	4.692007e+000	2.734527e-004
2.708635334555803e-006	4.698387e-003	4.692734e+000	2.579242e-004
2.715471272055803e-006	4.530128e-003	4.693330e+000	2.430691e-004
2.722307209555803e-006	4.328329e-003	4.693810e+000	2.296541e-004
2.729143147055803e-006	4.104885e-003	4.694194e+000	2.183370e-004
2.735979084555803e-006	3.872476e-003	4.694510e+000	2.096329e-004
2.742815022055803e-006	3.643826e-003	4.694786e+000	2.038908e-004
2.749650959555803e-006	3.430980e-003	4.695051e+000	2.012801e-004
2.756486897055803e-006	3.244656e-003	4.695334e+000	2.017873e-004
2.763322834555803e-006	3.093682e-003	4.695662e+000	2.052239e-004
2.770158772055803e-006	2.984574e-003	4.696059e+000	2.112432e-004
2.776994709555803e-006	2.921249e-003	4.696542e+000	2.193659e-004
2.783830647055803e-006	2.904901e-003	4.697124e+000	2.290117e-004
2.790666584555803e-006	2.934036e-003	4.697812e+000	2.395364e-004
2.797502522055803e-006	3.004649e-003	4.698605e+000	2.502698e-004
2.804338459555803e-006	3.110549e-003	4.699498e+000	2.605553e-004
2.811174397055803e-006	3.243786e-003	4.700479e+000	2.697856e-004
2.818010334555804e-006	3.395162e-003	4.701531e+000	2.774358e-004
2.824846272055804e-006	3.554800e-003	4.702636e+000	2.830897e-004
2.831682209555804e-006	3.712723e-003	4.703771e+000	2.864593e-004
2.838518147055804e-006	3.859425e-003	4.704912e+000	2.873963e-004
2.845354084555804e-006	3.986387e-003	4.706038e+000	2.858955e-004
2.852190022055804e-006	4.086520e-003	4.707127e+000	2.820895e-004
2.859025959555804e-006	4.154515e-003	4.708159e+000	2.762365e-004
2.865861897055804e-006	4.187078e-003	4.709122e+000	2.687011e-004
2.872697834555804e-006	4.183040e-003	4.710003e+000	2.599295e-004
2.879533772055804e-006	4.143341e-003	4.710799e+000	2.504218e-004
2.886369709555804e-006	4.070907e-003	4.711508e+000	2.407013e-004
2.893205647055804e-006	3.970404e-003	4.712134e+000	2.312845e-004
2.900041584555804e-006	3.847917e-003	4.712686e+000	2.226519e-004
2.906877522055804e-006	3.710549e-003	4.713176e+000	2.152226e-004
2.913713459555804e-006	3.565987e-003	4.713620e+000	2.093322e-004
2.920549397055804e-006	3.422045e-003	4.714035e+000	2.052177e-004
2.927385334555805e-006	3.286218e-003	4.714438e+000	2.030072e-004
2.934221272055805e-006	3.165272e-003	4.714849e+000	2.027167e-004
2.941057209555805e-006	3.064889e-003	4.715282e+000	2.042538e-004
2.947893147055805e-006	2.989384e-003	4.715754e+000	2.074261e-004
2.954729084555805e-006	2.941514e-003	4.716276e+000	2.119566e-004
2.961565022055805e-006	2.922379e-003	4.716857e+000	2.175016e-004
2.968400959555805e-006	2.931418e-003	4.717502e+000	2.236733e-004
2.975236897055805e-006	2.966507e-003	4.718211e+000	2.300628e-004
2.982072834555805e-006	3.024129e-003	4.718981e+000	2.362641e-004
2.988908772055805e-006	3.099042e-003	4.719805e+000	2.419563e-004
2.995164062500000e-006	3.178287e-003	4.720595e+000	2.465573e-004
3.001000000000000e-006	3.260018e-003	4.721368e+000	2.498344e-004
3.001002044735209e-006	3.260068e-003	4.721368e+000	2.498354e-004
3.001006134205627e-006	3.260243e-003	4.721369e+000	2.498374e-004
3.001012041931462e-006	3.260751e-003	4.721370e+000	2.498402e-004
3.001018035027073e-006	3.261945e-003	4.721371e+000	2.498431e-004
3.001030021218295e-006	3.267046e-003	4.721372e+000	2.498488e-004
3.001044688106605e-006	3.278516e-003	4.721374e+000	2.498557e-004
3.001057543381557e-006	3.295283e-003	4.721376e+000	2.498619e-004
3.001071328004562e-006	3.321975e-003	4.721378e+000	2.498684e-004
3.001083858263335e-006	3.357514e-003	4.721380e+000	2.498744e-004
3.001108572704352e-006	3.460249e-003	4.721384e+000	2.498861e-004
3.001140111807105e-006	3.662163e-003	4.721391e+000	2.499010e-004
3.001195283426361e-006	4.233536e-003	4.721407e+000	2.499270e-004
3.001285112557652e-006	5.702507e-003	4.721455e+000	2.499692e-004
3.001403758244339e-006	8.623171e-003	4.721567e+000	2.500243e-004
3.001558710278843e-006	1.396807e-002	4.721825e+000	2.500950e-004
3.001736766500002e-006	2.157428e-002	4.722251e+000	2.501746e-004
3.001770366255600e-006	2.323542e-002	4.722357e+000	2.501892e-004
3.001865600977609e-006	2.844422e-002	4.722716e+000	2.502294e-004
3.002000000000000e-006	3.661774e-002	4.723339e+000	2.502829e-004
3.002023498580230e-006	3.814789e-002	4.723464e+000	2.502917e-004
3.002054830020535e-006	4.020060e-002	4.723639e+000	2.503031e-004
3.002117492901147e-006	4.426527e-002	4.724012e+000	2.503247e-004
3.002242818662370e-006	5.202077e-002	4.724839e+000	2.503610e-004
3.002493470184816e-006	6.637152e-002	4.726660e+000	2.504090e-004
3.002734238890222e-006	7.901644e-002	4.728535e+000	2.504115e-004
3.003062569646513e-006	9.516016e-002	4.731194e+000	2.503250e-004
3.003370512902429e-006	1.098250e-001	4.733716e+000	2.501070e-004
3.003866274892747e-006	1.330199e-001	4.737776e+000	2.493944e-004
3.004525238150462e-006	1.634299e-001	4.743128e+000	2.474642e-004
3.005843164665892e-006	2.230227e-001	4.753635e+000	2.391617e-004
3.008279143248117e-006	3.293998e-001	4.772354e+000	2.060990e-004
3.012482135323040e-006	5.036077e-001	4.802617e+000	9.872935e-005
3.017285919556166e-006	6.893383e-001	4.832475e+000	-9.661211e-005
3.021663521949581e-006	8.441905e-001	4.849312e+000	-3.364573e-004
3.024196462765619e-006	9.216729e-001	4.842442e+000	-4.981356e-004
3.026428957896058e-006	9.746011e-001	4.809176e+000	-6.431521e-004
3.028450542352136e-006	1.006042e+000	4.747234e+000	-7.535419e-004
3.030792772090453e-006	1.024954e+000	4.641665e+000	-8.197758e-004
3.033506627121897e-006	1.033537e+000	4.495248e+000	-7.657234e-004
3.036559612789279e-006	1.035933e+000	4.320750e+000	-4.654939e-004
3.040562678457587e-006	1.036311e+000	4.096035e+000	4.337925e-004
3.047398615957587e-006	1.037224e+000	3.733805e+000	3.076080e-003
3.054234553457587e-006	1.039696e+000	3.399356e+000	6.945950e-003
3.061070490957587e-006	1.043731e+000	3.095049e+000	1.202066e-002
3.067906428457587e-006	1.048854e+000	2.819088e+000	1.808202e-002
3.074742365957587e-006	1.054601e+000	2.569403e+000	2.491507e-002
3.081578303457587e-006	1.060585e+000	2.343807e+000	3.233169e-002
3.088414240957587e-006	1.066511e+000	2.140061e+000	4.019856e-002
3.095250178457587e-006	1.072172e+000	1.955909e+000	4.849420e-002
3.102086115957587e-006	1.077434e+000	1.789119e+000	5.741053e-002
3.108922053457587e-006	1.082225e+000	1.637525e+000	6.743389e-002
3.115757990957587e-006	1.086533e+000	1.499090e+000	7.913844e-002
3.122593928457588e-006	1.090405e+000	1.371959e+000	9.251925e-002
3.129429865957588e-006	1.093934e+000	1.254497e+000	1.065213e-001
3.136265803457588e-006	1.097230e+000	1.145279e+000	1.196525e-001
3.143101740957588e-006	1.100389e+000	1.043066e+000	1.310888e-001
3.149937678457588e-006	1.103477e+000	9.467782e-001	1.409412e-001
3.156773615957588e-006	1.106523e+000	8.554828e-001	1.497225e-001
3.163609553457588e-006	1.109538e+000	7.683854e-001	1.578915e-001
3.170445490957588e-006	1.112521e+000	6.848183e-001	1.657406e-001
3.177281428457588e-006	1.115464e+000	6.042253e-001	1.734317e-001
3.190953303457588e-006	1.121211e+000	4.501918e-001	1.886181e-001
3.204625178457588e-006	1.126742e+000	3.034511e-001	2.036829e-001
3.211461115957588e-006	1.129421e+000	2.321747e-001	2.111761e-001
3.218297053457588e-006	1.133953e+000	1.643732e-001	2.186370e-001
3.225132990957588e-006	1.145993e+000	1.067424e-001	2.260568e-001
3.229383799852020e-006	1.162467e+000	8.249918e-002	2.306266e-001
3.234246595699722e-006	1.189864e+000	6.596772e-002	2.357788e-001
3.238093631661598e-006	1.214293e+000	5.688703e-002	2.397725e-001
3.242453067891619e-006	1.243658e+000	4.944920e-002	2.441745e-001
3.247702372508610e-006	1.280073e+000	4.279920e-002	2.492956e-001
3.253371008997296e-006	1.319885e+000	3.747581e-002	2.545848e-001
3.260206946497296e-006	1.367916e+000	3.274136e-002	2.606304e-001
3.267042883997296e-006	1.415502e+000	2.918559e-002	2.663218e-001
3.273878821497296e-006	1.462354e+000	2.647422e-002	2.716521e-001
3.280714758997296e-006	1.508304e+000	2.434172e-002	2.766365e-001
3.287550696497296e-006	1.553268e+000	2.262415e-002	2.812930e-001
3.294386633997296e-006	1.597200e+000	2.121038e-002	2.856406e-001
3.301222571497297e-006	1.640087e+000	2.002686e-002	2.896983e-001
3.308058508997297e-006	1.681927e+000	1.902039e-002	2.934847e-001
3.314894446497297e-006	1.722731e+000	1.815388e-002	2.970174e-001
3.321730383997297e-006	1.762513e+000	1.739907e-002	3.003132e-001
3.328566321497297e-006	1.801293e+000	1.673548e-002	3.033879e-001
3.335402258997297e-006	1.839091e+000	1.614684e-002	3.062563e-001
3.342238196497297e-006	1.875931e+000	1.562095e-002	3.089322e-001
3.349074133997297e-006	1.911836e+000	1.514784e-002	3.114287e-001
3.355910071497297e-006	1.946827e+000	1.471983e-002	3.137577e-001
3.362746008997297e-006	1.980929e+000	1.433045e-002	3.159306e-001
3.369581946497297e-006	2.014164e+000	1.397462e-002	3.179579e-001
3.376417883997297e-006	2.046554e+000	1.364799e-002	3.198495e-001
3.390089758997297e-006	2.108886e+000	1.306878e-002	3.232612e-001
3.403761633997297e-006	2.168094e+000	1.257052e-002	3.262320e-001
3.417433508997298e-006	2.224339e+000	1.213705e-002	3.288191e-001
3.431105383997298e-006	2.277771e+000	1.175638e-002	3.310724e-001
3.444777258997298e-006	2.328535e+000	1.141936e-002	3.330353e-001
3.458449133997298e-006	2.376766e+000	1.111894e-002	3.347456e-001
3.472121008997298e-006	2.422593e+000	1.084954e-002	3.362359e-001
3.485792883997298e-006	2.466137e+000	1.060670e-002	3.375348e-001
3.499464758997298e-006	2.507513e+000	1.038682e-002	3.386670e-001
3.513136633997298e-006	2.546830e+000	1.018693e-002	3.396541e-001
3.526808508997299e-006	2.584193e+000	1.000457e-002	3.405149e-001
3.540480383997299e-006	2.619698e+000	9.837683e-003	3.412656e-001
3.554152258997299e-006	2.653439e+000	9.684533e-003	3.419206e-001
3.567824133997299e-006	2.685504e+000	9.543631e-003	3.424920e-001
3.581496008997299e-006	2.715977e+000	9.413708e-003	3.429907e-001
3.595167883997299e-006	2.744936e+000	9.293661e-003	3.434260e-001
3.608839758997299e-006	2.772459e+000	9.182533e-003	3.438061e-001
3.622511633997299e-006	2.798615e+000	9.079488e-003	3.441381e-001
3.636183508997300e-006	2.823474e+000	8.983790e-003	3.444282e-001
3.649855383997300e-006	2.847099e+000	8.894790e-003	3.446817e-001
3.663527258997300e-006	2.869552e+000	8.811909e-003	3.449034e-001
3.677199133997300e-006	2.890892e+000	8.734634e-003	3.450972e-001
3.690871008997300e-006	2.911173e+000	8.662508e-003	3.452668e-001
3.704542883997300e-006	2.930448e+000	8.595116e-003	3.454153e-001
3.718214758997300e-006	2.948767e+000	8.532087e-003	3.455453e-001
3.731886633997300e-006	2.966178e+000	8.473088e-003	3.456592e-001
3.745558508997300e-006	2.982726e+000	8.417814e-003	3.457590e-001
3.759230383997301e-006	2.998453e+000	8.365990e-003	3.458466e-001
3.772902258997301e-006	3.013401e+000	8.317364e-003	3.459235e-001
3.786574133997301e-006	3.027607e+000	8.271709e-003	3.459910e-001
3.800246008997301e-006	3.041109e+000	8.228816e-003	3.460503e-001
3.813917883997301e-006	3.053942e+000	8.188494e-003	3.461024e-001
3.827589758997301e-006	3.066138e+000	8.150567e-003	3.461484e-001
3.841261633997301e-006	3.077730e+000	8.114873e-003	3.461888e-001
3.854933508997301e-006	3.088747e+000	8.081266e-003	3.462244e-001
3.868605383997301e-006	3.099218e+000	8.049606e-003	3.462559e-001
3.882277258997301e-006	3.109170e+000	8.019769e-003	3.462837e-001
3.895949133997301e-006	3.118629e+000	7.991637e-003	3.463083e-001
3.909621008997302e-006	3.127619e+000	7.965102e-003	3.463300e-001
3.923292883997302e-006	3.136163e+000	7.940065e-003	3.463493e-001
3.936964758997302e-006	3.144284e+000	7.916432e-003	3.463664e-001
3.950636633997302e-006	3.152002e+000	7.894116e-003	3.463816e-001
3.964308508997302e-006	3.159338e+000	7.873039e-003	3.463951e-001
3.977980383997302e-006	3.166310e+000	7.853124e-003	3.464071e-001
3.984816321497302e-006	3.169665e+000	7.843582e-003	3.464127e-001
3.991652258997302e-006	3.172952e+000	7.834269e-003	3.464179e-001
3.993164062500000e-006	3.173667e+000	7.832238e-003	3.464191e-001
3.996187669505395e-006	3.175080e+000	7.828249e-003	3.464212e-001
3.997187669505395e-006	3.175545e+000	7.826914e-003	3.464220e-001
3.998000000000001e-006	3.175920e+000	7.825882e-003	3.464226e-001
3.998375339010788e-006	3.176093e+000	7.825394e-003	3.464228e-001
3.999126017032363e-006	3.176438e+000	7.824388e-003	3.464233e-001
4.000000000000000e-006	3.176839e+000	7.823045e-003	3.464239e-001
4.000008269609594e-006	3.176842e+000	7.823076e-003	3.464240e-001
4.000024808828780e-006	3.176842e+000	7.823097e-003	3.464240e-001
4.000057887267154e-006	3.176807e+000	7.822888e-003	3.464240e-001
4.000115370285081e-006	3.176623e+000	7.821703e-003	3.464240e-001
4.000171173906802e-006	3.176246e+000	7.819142e-003	3.464240e-001
4.000244515190527e-006	3.175404e+000	7.813131e-003	3.464241e-001
4.000330467329100e-006	3.173916e+000	7.802192e-003	3.464242e-001
4.000465727674095e-006	3.170727e+000	7.778527e-003	3.464243e-001
4.000604762284726e-006	3.166579e+000	7.748187e-003	3.464243e-001
4.000799099294213e-006	3.159670e+000	7.699284e-003	3.464245e-001
4.001000000000000e-006	3.151797e+000	7.645312e-003	3.464246e-001
4.001020090070578e-006	3.150947e+000	7.639733e-003	3.464246e-001
4.001060270211736e-006	3.149280e+000	7.628863e-003	3.464247e-001
4.001140630494051e-006	3.146203e+000	7.609461e-003	3.464247e-001
4.001301351058680e-006	3.141037e+000	7.580291e-003	3.464248e-001
4.001525973279539e-006	3.135461e+000	7.556249e-003	3.464250e-001
4.001737175832000e-006	3.131551e+000	7.547554e-003	3.464251e-001
4.001990870351379e-006	3.127852e+000	7.547659e-003	3.464253e-001
4.002282568236462e-006	3.124129e+000	7.553407e-003	3.464255e-001
4.002708734573761e-006	3.119037e+000	7.565482e-003	3.464259e-001
4.003277252992233e-006	3.112411e+000	7.583302e-003	3.464263e-001
4.004229156803125e-006	3.101419e+000	7.614027e-003	3.464270e-001
4.005897949925282e-006	3.082276e+000	7.668651e-003	3.464283e-001
4.009235536169597e-006	3.044432e+000	7.780470e-003	3.464307e-001
4.015910708658226e-006	2.970030e+000	8.011942e-003	3.464349e-001
4.022746646158226e-006	2.895488e+000	8.259799e-003	3.464380e-001
4.029582583658226e-006	2.822803e+000	8.520834e-003	3.464395e-001
4.036418521158226e-006	2.751939e+000	8.796128e-003	3.464393e-001
4.050090396158227e-006	2.615489e+000	9.394088e-003	3.464335e-001
4.063762271158227e-006	2.485780e+000	1.006417e-002	3.464203e-001
4.070598208658227e-006	2.423346e+000	1.043020e-002	3.464109e-001
4.077434146158227e-006	2.362473e+000	1.081939e-002	3.463997e-001
4.084270083658227e-006	2.303120e+000	1.123387e-002	3.463866e-001
4.091106021158227e-006	2.245249e+000	1.167608e-002	3.463716e-001
4.097941958658227e-006	2.188824e+000	1.214877e-002	3.463546e-001
4.104777896158227e-006	2.133808e+000	1.265506e-002	3.463356e-001
4.111613833658227e-006	2.080168e+000	1.319852e-002	3.463144e-001
4.118449771158227e-006	2.027869e+000	1.378323e-002	3.462910e-001
4.125285708658227e-006	1.976881e+000	1.441390e-002	3.462652e-001
4.132121646158227e-006	1.927172e+000	1.509598e-002	3.462369e-001
4.138957583658227e-006	1.878715e+000	1.583578e-002	3.462059e-001
4.145793521158227e-006	1.831481e+000	1.664073e-002	3.461721e-001
4.152629458658227e-006	1.785445e+000	1.751952e-002	3.461351e-001
4.159465396158227e-006	1.740584e+000	1.848245e-002	3.460948e-001
4.166301333658228e-006	1.696876e+000	1.954179e-002	3.460507e-001
4.173137271158228e-006	1.654304e+000	2.071223e-002	3.460025e-001
4.179973208658228e-006	1.612852e+000	2.201149e-002	3.459498e-001
4.186809146158228e-006	1.572506e+000	2.346111e-002	3.458921e-001
4.193645083658228e-006	1.533261e+000	2.508743e-002	3.458286e-001
4.200481021158228e-006	1.495113e+000	2.692294e-002	3.457587e-001
4.207316958658228e-006	1.458067e+000	2.900798e-002	3.456814e-001
4.214152896158228e-006	1.422135e+000	3.139306e-002	3.455956e-001
4.220988833658228e-006	1.387339e+000	3.414192e-002	3.454999e-001
4.227824771158228e-006	1.353717e+000	3.733573e-002	3.453928e-001
4.234660708658228e-006	1.321321e+000	4.107879e-002	3.452722e-001
4.241496646158228e-006	1.290231e+000	4.550676e-002	3.451354e-001
4.248332583658228e-006	1.260558e+000	5.079843e-002	3.449793e-001
4.255168521158228e-006	1.232459e+000	5.719392e-002	3.447997e-001
4.262004458658228e-006	1.206161e+000	6.502363e-002	3.445912e-001
4.268840396158228e-006	1.181997e+000	7.475714e-002	3.443469e-001
4.275676333658229e-006	1.160473e+000	8.708980e-002	3.440573e-001
4.282512271158229e-006	1.142392e+000	1.031005e-001	3.437093e-001
4.289348208658229e-006	1.129072e+000	1.245338e-001	3.432842e-001
4.296184146158229e-006	1.121804e+000	1.531548e-001	3.427553e-001
4.303020083658229e-006	1.119582e+000	1.879618e-001	3.420895e-001
4.309856021158229e-006	1.119207e+000	2.252215e-001	3.412567e-001
4.316691958658229e-006	1.118839e+000	2.627533e-001	3.402408e-001
4.323527896158229e-006	1.118408e+000	3.004935e-001	3.390394e-001
4.330363833658229e-006	1.117927e+000	3.384800e-001	3.376581e-001
4.337199771158229e-006	1.117391e+000	3.767293e-001	3.361052e-001
4.344035708658229e-006	1.116808e+000	4.152773e-001	3.343897e-001
4.350871646158229e-006	1.116174e+000	4.541487e-001	3.325202e-001
4.357707583658229e-006	1.115496e+000	4.933809e-001	3.305049e-001
4.364543521158229e-006	1.114771e+000	5.330060e-001	3.283513e-001
4.371379458658229e-006	1.114002e+000	5.730649e-001	3.260661e-001
4.385051333658229e-006	1.112333e+000	6.546508e-001	3.211250e-001
4.398723208658230e-006	1.110492e+000	7.385182e-001	3.157223e-001
4.412395083658230e-006	1.108478e+000	8.251183e-001	3.098887e-001
4.432902896158230e-006	1.105120e+000	9.613465e-001	3.003732e-001
4.453410708658230e-006	1.101322e+000	1.107233e+000	2.899621e-001
4.467082583658230e-006	1.098514e+000	1.211280e+000	2.825156e-001
4.480754458658230e-006	1.095453e+000	1.321969e+000	2.746436e-001
4.494426333658230e-006	1.092103e+000	1.440508e+000	2.663157e-001
4.508098208658231e-006	1.088419e+000	1.568233e+000	2.574903e-001
4.521770083658231e-006	1.084346e+000	1.706568e+000	2.481141e-001
4.535441958658231e-006	1.079815e+000	1.856960e+000	2.381233e-001
4.549113833658231e-006	1.074744e+000	2.020801e+000	2.274447e-001
4.562785708658231e-006	1.069029e+000	2.199325e+000	2.159983e-001
4.576457583658231e-006	1.062542e+000	2.393508e+000	2.037010e-001
4.583293521158231e-006	1.058959e+000	2.496678e+000	1.972076e-001
4.590129458658231e-006	1.055118e+000	2.603956e+000	1.904716e-001
4.596965396158231e-006	1.050990e+000	2.715341e+000	1.834839e-001
4.603801333658231e-006	1.046542e+000	2.830794e+000	1.762368e-001
4.610637271158231e-006	1.041735e+000	2.950233e+000	1.687235e-001
4.617473208658232e-006	1.036520e+000	3.073528e+000	1.609388e-001
4.624309146158232e-006	1.030842e+000	3.200490e+000	1.528794e-001
4.631145083658232e-006	1.024630e+000	3.330866e+000	1.445443e-001
4.637981021158232e-006	1.017797e+000	3.464325e+000	1.359352e-001
4.644816958658232e-006	1.010233e+000	3.600434e+000	1.270570e-001
4.651652896158232e-006	1.001793e+000	3.738639e+000	1.179186e-001
4.658488833658232e-006	9.922867e-001	3.878216e+000	1.085335e-001
4.665324771158232e-006	9.814528e-001	4.018215e+000	9.892139e-002
4.672160708658232e-006	9.689256e-001	4.157354e+000	8.910910e-002
4.678996646158232e-006	9.541771e-001	4.293869e+000	7.913292e-002
4.685832583658232e-006	9.364262e-001	4.425250e+000	6.904133e-002
4.692668521158232e-006	9.145012e-001	4.547865e+000	5.889898e-002
4.699504458658232e-006	8.866758e-001	4.656466e+000	4.879227e-002
4.706340396158232e-006	8.505955e-001	4.743875e+000	3.883632e-002
4.713176333658232e-006	8.035761e-001	4.801520e+000	2.918180e-002
4.720012271158232e-006	7.434925e-001	4.821469e+000	2.001728e-002
4.726848208658232e-006	6.698960e-001	4.799264e+000	1.156123e-002
4.733684146158233e-006	5.845147e-001	4.735597e+000	4.040831e-003
4.740520083658233e-006	4.907845e-001	4.635766e+000	-2.337681e-003
4.747356021158233e-006	3.929611e-001	4.507942e+000	-7.417309e-003
4.754191958658233e-006	2.954399e-001	4.361646e+000	-1.110894e-002
4.761027896158233e-006	2.023992e-001	4.206815e+000	-1.339762e-002
4.767863833658233e-006	1.176072e-001	4.053187e+000	-1.433859e-002
4.774699771158233e-006	4.428199e-002	3.909821e+000	-1.404670e-002
4.781535708658233e-006	-1.502987e-002	3.784672e+000	-1.268323e-002
4.788371646158233e-006	-5.855691e-002	3.684250e+000	-1.044240e-002
4.795207583658233e-006	-8.537964e-002	3.613362e+000	-7.539198e-003
4.802043521158233e-006	-9.547065e-002	3.574949e+000	-4.198415e-003
4.808879458658233e-006	-8.994851e-002	3.569402e+000	-6.429544e-004
4.815179125040908e-006	-7.197528e-002	3.593836e+000	2.635790e-003
4.822015062540908e-006	-4.077351e-002	3.649943e+000	6.004016e-003
4.828851000040908e-006	-7.453292e-004	3.731620e+000	9.010276e-003
4.835686937540908e-006	4.508625e-002	3.834118e+000	1.150898e-002
4.842435121748678e-006	9.268157e-002	3.949678e+000	1.336626e-002
4.849271059248678e-006	1.399366e-001	4.074513e+000	1.455984e-002
4.856106996748678e-006	1.831497e-001	4.200145e+000	1.503448e-002
4.862942934248678e-006	2.196713e-001	4.319849e+000	1.479477e-002
4.869778871748679e-006	2.474217e-001	4.427474e+000	1.388170e-002
4.876614809248679e-006	2.649755e-001	4.517812e+000	1.236596e-002
4.883450746748679e-006	2.715961e-001	4.586858e+000	1.034407e-002
4.890286684248679e-006	2.672272e-001	4.631996e+000	7.935490e-003
4.897122621748679e-006	2.528722e-001	4.653273e+000	5.281178e-003
4.902625270027291e-006	2.343315e-001	4.652031e+000	3.061279e-003
4.908458423498093e-006	2.084098e-001	4.632374e+000	7.397716e-004
4.915294360998093e-006	1.723456e-001	4.590243e+000	-1.803515e-003
4.922130298498093e-006	1.321898e-001	4.531350e+000	-4.031538e-003
4.928966235998093e-006	8.990370e-002	4.459278e+000	-5.819567e-003
4.935802173498093e-006	4.773648e-002	4.378964e+000	-7.080886e-003
4.942638110998093e-006	7.841615e-003	4.295565e+000	-7.767566e-003
4.949474048498093e-006	-2.782892e-002	4.214158e+000	-7.870996e-003
4.956309985998093e-006	-5.761819e-002	4.139472e+000	-7.419046e-003
4.963145923498093e-006	-8.024204e-002	4.075634e+000	-6.470929e-003
4.969981860998093e-006	-9.484759e-002	4.025983e+000	-5.110728e-003
4.976817798498093e-006	-1.010491e-001	3.992912e+000	-3.440368e-003
4.983653735998094e-006	-9.922123e-002	3.977097e+000	-1.573710e-003
4.989451737937505e-006	-9.155890e-002	3.977906e+000	8.368951e-005
4.994958730659791e-006	-7.912564e-002	3.991773e+000	1.646686e-003
5.001794668159791e-006	-5.838955e-002	4.023938e+000	3.478809e-003
5.008630605659791e-006	-3.350908e-002	4.069577e+000	5.112120e-003
5.015466543159791e-006	-5.856291e-003	4.126604e+000	6.461687e-003
5.022302480659791e-006	2.280768e-002	4.191545e+000	7.468279e-003
5.028913273946674e-006	4.982649e-002	4.258398e+000	8.070503e-003
5.035749211446674e-006	7.544285e-002	4.327929e+000	8.291043e-003
5.042585148946674e-006	9.733845e-002	4.394170e+000	8.113182e-003
5.049421086446674e-006	1.143736e-001	4.453749e+000	7.558499e-003
5.056257023946674e-006	1.257566e-001	4.503782e+000	6.671069e-003
5.063092961446674e-006	1.310572e-001	4.542040e+000	5.511269e-003
5.069928898946675e-006	1.302107e-001	4.567048e+000	4.152308e-003
5.076764836446675e-006	1.237165e-001	4.578727e+000	2.676005e-003
5.082414750950780e-006	1.142967e-001	4.577916e+000	1.424095e-003
5.087995696897469e-006	1.015789e-001	4.567353e+000	2.178115e-004
5.094831634397469e-006	8.272079e-002	4.543742e+000	-1.151121e-003
5.101667571897469e-006	6.148257e-002	4.510791e+000	-2.341342e-003
5.108503509397469e-006	3.892585e-002	4.470369e+000	-3.288425e-003
5.115339446897469e-006	1.632576e-002	4.425240e+000	-3.948167e-003
5.122175384397469e-006	-5.122900e-003	4.378280e+000	-4.298935e-003
5.128695083060630e-006	-2.342677e-002	4.334468e+000	-4.333157e-003
5.135531020560630e-006	-3.943110e-002	4.292194e+000	-4.066749e-003
5.142366958060630e-006	-5.151571e-002	4.255937e+000	-3.527643e-003
5.149202895560630e-006	-5.914960e-002	4.227672e+000	-2.756220e-003
5.156038833060630e-006	-6.210005e-002	4.208816e+000	-1.807514e-003
5.162874770560630e-006	-6.056431e-002	4.199802e+000	-7.445895e-004
5.168669669358277e-006	-5.584239e-002	4.200302e+000	2.013139e-004
5.174170334816886e-006	-4.847002e-002	4.208299e+000	1.095302e-003
5.181006272316886e-006	-3.632281e-002	4.226870e+000	2.147248e-003
5.187842209816886e-006	-2.183147e-002	4.253255e+000	3.087463e-003
5.194678147316886e-006	-5.762307e-003	4.286186e+000	3.871838e-003
5.200801489746888e-006	9.198830e-003	4.319789e+000	4.408403e-003
5.206800987691758e-006	2.361313e-002	4.355002e+000	4.750513e-003
5.213636925191758e-006	3.890467e-002	4.395704e+000	4.919181e-003
5.220472862691758e-006	5.226416e-002	4.434983e+000	4.860820e-003
5.227308800191758e-006	6.298275e-002	4.470883e+000	4.580295e-003
5.234144737691758e-006	7.055438e-002	4.501662e+000	4.101300e-003
5.240980675191758e-006	7.467347e-002	4.525932e+000	3.457629e-003
5.247816612691758e-006	7.524246e-002	4.542727e+000	2.691019e-003
5.254652550191758e-006	7.236725e-002	4.551537e+000	1.848629e-003
5.261488487691758e-006	6.637259e-002	4.552416e+000	9.796857e-004
5.267978149574246e-006	5.814595e-002	4.546102e+000	1.761093e-004
5.274814087074246e-006	4.737926e-002	4.532714e+000	-6.023366e-004
5.281650024574246e-006	3.518064e-002	4.513738e+000	-1.272149e-003
5.288485962074246e-006	2.224857e-002	4.490508e+000	-1.799268e-003
5.295321899574246e-006	9.324107e-003	4.464632e+000	-2.159724e-003
5.302157837074246e-006	-2.903399e-003	4.437779e+000	-2.342566e-003
5.308622553659629e-006	-1.320442e-002	4.413024e+000	-2.344976e-003
5.315458491159629e-006	-2.222884e-002	4.389051e+000	-2.174832e-003
5.322294428659629e-006	-2.896799e-002	4.368645e+000	-1.849168e-003
5.329130366159629e-006	-3.311871e-002	4.352951e+000	-1.390956e-003
5.335966303659629e-006	-3.455564e-002	4.342786e+000	-8.320080e-004
5.342802241159629e-006	-3.331058e-002	4.338623e+000	-2.083959e-004
5.349638178659629e-006	-2.959144e-002	4.340505e+000	4.421496e-004
5.356117919147342e-006	-2.401478e-002	4.347808e+000	1.048796e-003
5.362953856647342e-006	-1.638202e-002	4.360804e+000	1.643400e-003
5.369789794147342e-006	-7.502083e-003	4.378276e+000	2.161310e-003
5.376625731647342e-006	2.092422e-003	4.399249e+000	2.576704e-003
5.383306071493217e-006	1.160531e-002	4.421998e+000	2.863563e-003
5.390142008993218e-006	2.092360e-002	4.446314e+000	3.023496e-003
5.396977946493218e-006	2.931287e-002	4.470382e+000	3.045865e-003
5.403813883993218e-006	3.633021e-002	4.492978e+000	2.933725e-003
5.410649821493218e-006	4.162958e-002	4.513003e+000	2.698218e-003
5.417485758993218e-006	4.497637e-002	4.529540e+000	2.356952e-003
5.424321696493218e-006	4.625575e-002	4.541906e+000	1.932798e-003
5.431157633993218e-006	4.547384e-002	4.549676e+000	1.452448e-003
5.437993571493218e-006	4.275208e-002	4.552702e+000	9.447857e-004
5.444829508993218e-006	3.833735e-002	4.551177e+000	4.384378e-004
5.451183703957841e-006	3.294318e-002	4.545869e+000	-5.182965e-006
5.458019641457841e-006	2.611432e-002	4.536546e+000	-4.286537e-004
5.464855578957841e-006	1.867112e-002	4.524373e+000	-7.771621e-004
5.471691516457841e-006	1.102830e-002	4.510182e+000	-1.033418e-003
5.478527453957842e-006	3.575004e-003	4.494935e+000	-1.192510e-003
5.483916951546826e-006	-1.875263e-003	4.482800e+000	-1.240204e-003
5.489925042175153e-006	-7.201041e-003	4.469890e+000	-1.207481e-003
5.496760979675153e-006	-1.214193e-002	4.456699e+000	-1.078532e-003
5.503596917175153e-006	-1.570439e-002	4.445778e+000	-8.634024e-004
5.510432854675153e-006	-1.771444e-002	4.437787e+000	-5.748792e-004
5.517268792175153e-006	-1.812287e-002	4.433160e+000	-2.324045e-004
5.524104729675153e-006	-1.697240e-002	4.432123e+000	1.423485e-004
5.530940667175153e-006	-1.439203e-002	4.434695e+000	5.267883e-004
5.537776604675153e-006	-1.058655e-002	4.440689e+000	8.987063e-004
5.544612542175153e-006	-5.822153e-003	4.449731e+000	1.237497e-003
5.551448479675153e-006	-4.090134e-004	4.461292e+000	1.525235e-003
5.558284417175153e-006	5.318074e-003	4.474720e+000	1.747562e-003
5.565120354675153e-006	1.101969e-002	4.489283e+000	1.894337e-003
5.571956292175153e-006	1.637128e-002	4.504211e+000	1.960035e-003
5.578792229675153e-006	2.108103e-002	4.518746e+000	1.943874e-003
5.585628167175153e-006	2.490504e-002	4.532176e+000	1.849684e-003
5.592464104675154e-006	2.765918e-002	4.543881e+000	1.685520e-003
5.599300042175154e-006	2.922702e-002	4.553360e+000	1.463061e-003
5.606135979675154e-006	2.956358e-002	4.560255e+000	1.196829e-003
5.612971917175154e-006	2.869487e-002	4.564368e+000	9.032710e-004
5.619807854675154e-006	2.671354e-002	4.565665e+000	5.997672e-004
5.626643792175154e-006	2.377096e-002	4.564270e+000	3.036176e-004
5.633479729675154e-006	2.006641e-002	4.560454e+000	3.106472e-005
5.640315667175154e-006	1.583408e-002	4.554613e+000	-2.035906e-004
5.647151604675154e-006	1.132861e-002	4.547240e+000	-3.887311e-004
5.653987542175154e-006	6.810189e-003	4.538897e+000	-5.159854e-004
5.660823479675154e-006	2.509670e-003	4.530159e+000	-5.828649e-004
5.666677274922188e-006	-8.070759e-004	4.522815e+000	-5.882822e-004
5.673049792741393e-006	-3.851223e-003	4.515448e+000	-5.396652e-004
5.679885730241393e-006	-6.364271e-003	4.508685e+000	-4.342313e-004
5.686721667741393e-006	-7.998717e-003	4.503490e+000	-2.814322e-004
5.693557605241393e-006	-8.687207e-003	4.500196e+000	-9.091938e-005
5.700393542741393e-006	-8.429855e-003	4.498996e+000	1.249405e-004
5.707229480241393e-006	-7.280030e-003	4.499961e+000	3.528468e-004
5.714065417741393e-006	-5.339377e-003	4.503037e+000	5.793488e-004
5.720901355241393e-006	-2.750293e-003	4.508053e+000	7.916051e-004
5.727737292741393e-006	3.136594e-004	4.514732e+000	9.780772e-004
5.734573230241393e-006	3.658761e-003	4.522717e+000	1.129122e-003
5.741409167741393e-006	7.082884e-003	4.531589e+000	1.237455e-003
5.748245105241393e-006	1.038727e-002	4.540895e+000	1.298469e-003
5.755081042741393e-006	1.338765e-002	4.550176e+000	1.310383e-003
5.761916980241393e-006	1.592410e-002	4.558988e+000	1.274242e-003
5.768752917741394e-006	1.786914e-002	4.566931e+000	1.193749e-003
5.775588855241394e-006	1.913359e-002	4.573670e+000	1.074961e-003
5.782424792741394e-006	1.967012e-002	4.578950e+000	9.258648e-004
5.789260730241394e-006	1.947420e-002	4.582605e+000	7.558551e-004
5.796096667741394e-006	1.858270e-002	4.584569e+000	5.751570e-004
5.802932605241394e-006	1.707011e-002	4.584871e+000	3.942183e-004
5.809768542741394e-006	1.504299e-002	4.583634e+000	2.231116e-004
5.816604480241394e-006	1.263264e-002	4.581062e+000	7.097849e-005
5.823440417741394e-006	9.986899e-003	4.577426e+000	-5.445379e-005
5.830276355241394e-006	7.261159e-003	4.573046e+000	-1.472576e-004
5.837112292741394e-006	4.609440e-003	4.568270e+000	-2.035727e-004
5.843948230241394e-006	2.175799e-003	4.563457e+000	-2.217469e-004
5.850784167741394e-006	8.664408e-005	4.558952e+000	-2.023436e-004
5.857620105241394e-006	-1.555702e-003	4.555072e+000	-1.480250e-004
5.864456042741394e-006	-2.677849e-003	4.552083e+000	-6.331850e-005
5.871291980241394e-006	-3.238400e-003	4.550192e+000	4.571143e-005
5.878127917741394e-006	-3.229102e-003	4.549536e+000	1.718661e-004
5.884963855241395e-006	-2.674089e-003	4.550178e+000	3.072622e-004
5.891799792741395e-006	-1.627324e-003	4.552102e+000	4.438020e-004
5.898635730241395e-006	-1.684516e-004	4.555224e+000	5.736364e-004
5.905471667741395e-006	1.602667e-003	4.559393e+000	6.895952e-004
5.912307605241395e-006	3.572349e-003	4.564405e+000	7.855634e-004
5.919143542741395e-006	5.620046e-003	4.570016e+000	8.567827e-004
5.925979480241395e-006	7.625414e-003	4.575958e+000	9.000664e-004
5.932815417741395e-006	9.475111e-003	4.581952e+000	9.139193e-004
5.939651355241395e-006	1.106893e-002	4.587728e+000	8.985574e-004
5.946487292741395e-006	1.232495e-002	4.593037e+000	8.558320e-004
5.953323230241395e-006	1.318344e-002	4.597666e+000	7.890658e-004
5.960159167741395e-006	1.360936e-002	4.601448e+000	7.028114e-004
5.966995105241395e-006	1.359341e-002	4.604270e+000	6.025500e-004
5.973831042741395e-006	1.315151e-002	4.606076e+000	4.943490e-004
5.980666980241395e-006	1.233866e-002	4.606918e+000	3.841367e-004
5.986076171783964e-006	1.145007e-002	4.606879e+000	2.997397e-004
5.992236760289444e-006	1.021685e-002	4.606114e+000	2.113678e-004
5.999072697789444e-006	8.680204e-003	4.604598e+000	1.264662e-004
6.005908635289444e-006	7.049108e-003	4.602542e+000	5.911970e-005
6.012744572789444e-006	5.411693e-003	4.600128e+000	1.263676e-005
6.019580510289445e-006	3.858666e-003	4.597570e+000	-1.125069e-005
6.026416447789445e-006	2.472602e-003	4.595084e+000	-1.215046e-005
6.033252385289445e-006	1.323605e-003	4.592870e+000	9.018699e-006
6.040088322789445e-006	4.543673e-004	4.591085e+000	4.961422e-005
6.046000746554852e-006	-3.047792e-005	4.590025e+000	9.872860e-005
6.052316259189965e-006	-2.480574e-004	4.589502e+000	1.628211e-004
6.059152196689965e-006	-1.671377e-004	4.589641e+000	2.405318e-004
6.065351373095061e-006	1.869381e-004	4.590449e+000	3.148493e-004
6.072165553470711e-006	8.573226e-004	4.592086e+000	3.963437e-004
6.079001490970712e-006	1.762694e-003	4.594420e+000	4.733290e-004
6.085837428470712e-006	2.846585e-003	4.597370e+000	5.413484e-004
6.092673365970712e-006	4.039863e-003	4.600809e+000	5.968151e-004
6.099509303470712e-006	5.269638e-003	4.604586e+000	6.369859e-004
6.106345240970712e-006	6.463725e-003	4.608537e+000	6.600824e-004
6.113181178470712e-006	7.554689e-003	4.612495e+000	6.653538e-004
6.120017115970712e-006	8.483476e-003	4.616298e+000	6.530820e-004
6.126853053470712e-006	9.202421e-003	4.619798e+000	6.245261e-004
6.133688990970712e-006	9.677501e-003	4.622868e+000	5.818165e-004
6.140524928470712e-006	9.889739e-003	4.625413e+000	5.278020e-004
6.147360865970712e-006	9.835687e-003	4.627369e+000	4.658636e-004
6.154196803470712e-006	9.527040e-003	4.628708e+000	3.997034e-004
6.161032740970712e-006	8.989393e-003	4.629436e+000	3.331250e-004
6.167868678470712e-006	8.260280e-003	4.629593e+000	2.698144e-004
6.174704615970712e-006	7.386608e-003	4.629253e+000	2.131368e-004
6.181540553470712e-006	6.421668e-003	4.628511e+000	1.659581e-004
6.188376490970712e-006	5.421900e-003	4.627482e+000	1.305020e-004
6.195212428470713e-006	4.443604e-003	4.626294e+000	1.082479e-004
6.202048365970713e-006	3.539774e-003	4.625077e+000	9.987588e-005
6.208884303470713e-006	2.757248e-003	4.623958e+000	1.052578e-004
6.215720240970713e-006	2.134300e-003	4.623055e+000	1.234954e-004
6.222556178470713e-006	1.698797e-003	4.622467e+000	1.529997e-004
6.229392115970713e-006	1.467024e-003	4.622272e+000	1.916070e-004
6.236228053470713e-006	1.443189e-003	4.622525e+000	2.367226e-004
6.243063990970713e-006	1.619632e-003	4.623250e+000	2.854830e-004
6.249899928470713e-006	1.977702e-003	4.624446e+000	3.349278e-004
6.256735865970713e-006	2.489208e-003	4.626082e+000	3.821695e-004
6.263571803470713e-006	3.118373e-003	4.628108e+000	4.245537e-004
6.270407740970713e-006	3.824126e-003	4.630449e+000	4.597995e-004
6.277243678470713e-006	4.562623e-003	4.633017e+000	4.861137e-004
6.284079615970713e-006	5.289824e-003	4.635715e+000	5.022738e-004
6.290915553470713e-006	5.963986e-003	4.638440e+000	5.076752e-004
6.297751490970713e-006	6.547928e-003	4.641093e+000	5.023425e-004
6.304587428470714e-006	7.010962e-003	4.643581e+000	4.869047e-004
6.311423365970714e-006	7.330376e-003	4.645824e+000	4.625373e-004
6.318259303470714e-006	7.492414e-003	4.647761e+000	4.308762e-004
6.325095240970714e-006	7.492715e-003	4.649345e+000	3.939082e-004
6.331931178470714e-006	7.336203e-003	4.650556e+000	3.538463e-004
6.338767115970714e-006	7.036463e-003	4.651392e+000	3.129964e-004
6.345603053470714e-006	6.614649e-003	4.651873e+000	2.736239e-004
6.352438990970714e-006	6.100642e-003	4.652050e+000	2.375081e-004
6.357841454393713e-006	5.645752e-003	4.651999e+000	2.126613e-004
6.363432975903426e-006	5.148253e-003	4.651791e+000	1.918343e-004
6.370268913403426e-006	4.537227e-003	4.651415e+000	1.733097e-004
6.377104850903426e-006	3.952656e-003	4.650980e+000	1.626908e-004
6.383940788403426e-006	3.424487e-003	4.650555e+000	1.605308e-004
6.390776725903426e-006	2.979358e-003	4.650216e+000	1.665719e-004
6.397612663403426e-006	2.638251e-003	4.650032e+000	1.801037e-004
6.404448600903426e-006	2.415233e-003	4.650058e+000	2.000112e-004
6.411224832435702e-006	2.318319e-003	4.650333e+000	2.246569e-004
6.418060769935702e-006	2.345647e-003	4.650889e+000	2.528327e-004
6.424896707435702e-006	2.490887e-003	4.651732e+000	2.825503e-004
6.431732644935702e-006	2.740747e-003	4.652856e+000	3.120239e-004
6.438568582435702e-006	3.076270e-003	4.654237e+000	3.395391e-004
6.445404519935702e-006	3.474376e-003	4.655839e+000	3.635564e-004
6.452240457435702e-006	3.909321e-003	4.657614e+000	3.827911e-004
6.459076394935702e-006	4.354248e-003	4.659504e+000	3.962761e-004
6.465912332435702e-006	4.782742e-003	4.661450e+000	4.034045e-004
6.472748269935702e-006	5.170305e-003	4.663389e+000	4.039511e-004
6.479584207435703e-006	5.495667e-003	4.665262e+000	3.980699e-004
6.486420144935703e-006	5.741863e-003	4.667014e+000	3.862726e-004
6.493256082435703e-006	5.897034e-003	4.668602e+000	3.693855e-004
6.500092019935703e-006	5.954901e-003	4.669990e+000	3.484921e-004
6.506927957435703e-006	5.914910e-003	4.671156e+000	3.248621e-004
6.513763894935703e-006	5.782052e-003	4.672092e+000	2.998731e-004
6.520599832435703e-006	5.566376e-003	4.672803e+000	2.749288e-004
6.527435769935703e-006	5.282232e-003	4.673304e+000	2.513789e-004
6.534271707435703e-006	4.947300e-003	4.673623e+000	2.304450e-004
6.541107644935703e-006	4.581478e-003	4.673797e+000	2.131562e-004
6.547943582435703e-006	4.205671e-003	4.673870e+000	2.002982e-004
6.554779519935703e-006	3.840579e-003	4.673889e+000	1.923780e-004
6.561615457435703e-006	3.505539e-003	4.673903e+000	1.896056e-004
6.568451394935703e-006	3.217484e-003	4.673957e+000	1.918930e-004
6.575287332435703e-006	2.990077e-003	4.674096e+000	1.988704e-004
6.582123269935703e-006	2.833063e-003	4.674355e+000	2.099177e-004
6.588959207435704e-006	2.751862e-003	4.674761e+000	2.242081e-004
6.595795144935704e-006	2.747426e-003	4.675334e+000	2.407633e-004
6.602631082435704e-006	2.816344e-003	4.676083e+000	2.585135e-004
6.609467019935704e-006	2.951202e-003	4.677002e+000	2.763616e-004
6.616302957435704e-006	3.141145e-003	4.678083e+000	2.932460e-004
6.623138894935704e-006	3.372615e-003	4.679303e+000	3.081989e-004
6.629974832435704e-006	3.630220e-003	4.680635e+000	3.203977e-004
6.636810769935704e-006	3.897668e-003	4.682046e+000	3.292057e-004
6.643646707435704e-006	4.158719e-003	4.683498e+000	3.342014e-004
6.650482644935704e-006	4.398100e-003	4.684954e+000	3.351941e-004
6.657318582435704e-006	4.602333e-003	4.686377e+000	3.322262e-004
6.664154519935704e-006	4.760426e-003	4.687732e+000	3.255625e-004
6.670990457435704e-006	4.864401e-003	4.688992e+000	3.156666e-004
6.677826394935704e-006	4.909636e-003	4.690134e+000	3.031679e-004
6.684662332435704e-006	4.894996e-003	4.691142e+000	2.888195e-004
6.691498269935704e-006	4.822772e-003	4.692009e+000	2.734518e-004
6.698334207435704e-006	4.698424e-003	4.692736e+000	2.579222e-004
6.705170144935705e-006	4.530153e-003	4.693332e+000	2.430660e-004
6.712006082435705e-006	4.328340e-003	4.693811e+000	2.296502e-004
6.718842019935705e-006	4.104880e-003	4.694196e+000	2.183323e-004
6.725677957435705e-006	3.872455e-003	4.694512e+000	2.096275e-004
6.732513894935705e-006	3.643788e-003	4.694788e+000	2.038851e-004
6.739349832435705e-006	3.430928e-003	4.695053e+000	2.012743e-004
6.746185769935705e-006	3.244590e-003	4.695336e+000	2.017816e-004
6.753021707435705e-006	3.093606e-003	4.695664e+000	2.052186e-004
6.759857644935705e-006	2.984491e-003	4.696061e+000	2.112385e-004
6.766693582435705e-006	2.921162e-003	4.696544e+000	2.193618e-004
6.773529519935705e-006	2.904815e-003	4.697125e+000	2.290085e-004
6.780365457435705e-006	2.933953e-003	4.697813e+000	2.395340e-004
6.787201394935705e-006	3.004573e-003	4.698606e+000	2.502683e-004
6.794037332435705e-006	3.110483e-003	4.699499e+000	2.605546e-004
6.800873269935705e-006	3.243731e-003	4.700480e+000	2.697857e-004
6.807709207435705e-006	3.395119e-003	4.701533e+000	2.774366e-004
6.814545144935705e-006	3.554770e-003	4.702638e+000	2.830910e-004
6.821381082435706e-006	3.712707e-003	4.703773e+000	2.864609e-004
6.828217019935706e-006	3.859421e-003	4.704914e+000	2.873980e-004
6.835052957435706e-006	3.986393e-003	4.706039e+000	2.858971e-004
6.841888894935706e-006	4.086534e-003	4.707128e+000	2.820909e-004
6.848724832435706e-006	4.154536e-003	4.708161e+000	2.762375e-004
6.855560769935706e-006	4.187102e-003	4.709123e+000	2.687016e-004
6.862396707435706e-006	4.183065e-003	4.710005e+000	2.599294e-004
6.869232644935706e-006	4.143364e-003	4.710801e+000	2.504210e-004
6.876068582435706e-006	4.070925e-003	4.711509e+000	2.406998e-004
6.882904519935706e-006	3.970415e-003	4.712135e+000	2.312823e-004
6.889740457435706e-006	3.847919e-003	4.712687e+000	2.226492e-004
6.896576394935706e-006	3.710542e-003	4.713178e+000	2.152194e-004
6.903412332435706e-006	3.565970e-003	4.713622e+000	2.093286e-004
6.910248269935706e-006	3.422017e-003	4.714036e+000	2.052139e-004
6.917084207435706e-006	3.286181e-003	4.714439e+000	2.030032e-004
6.923920144935706e-006	3.165227e-003	4.714850e+000	2.027128e-004
6.930756082435707e-006	3.064838e-003	4.715283e+000	2.042501e-004
6.937592019935707e-006	2.989328e-003	4.715755e+000	2.074227e-004
6.944427957435707e-006	2.941456e-003	4.716278e+000	2.119536e-004
6.951263894935707e-006	2.922320e-003	4.716859e+000	2.174991e-004
6.958099832435707e-006	2.931361e-003	4.717503e+000	2.236713e-004
6.964935769935707e-006	2.966453e-003	4.718212e+000	2.300613e-004
6.971771707435707e-006	3.024081e-003	4.718983e+000	2.362632e-004
6.978607644935707e-006	3.099589e-003	4.719809e+000	2.418966e-004
6.985443582435707e-006	3.187488e-003	4.720680e+000	2.466275e-004
6.992279519935707e-006	3.281904e-003	4.721582e+000	2.504404e-004
6.994164062500000e-006	3.308528e-003	4.721837e+000	2.512467e-004
6.999230914871414e-006	3.379818e-003	4.722528e+000	2.527740e-004
7.000000000000000e-006	3.390433e-003	4.722633e+000	2.529341e-004
