time	V(vgate)	V(vout)	I(D3)
0.000000000000000e+000	3.300000e+000	7.492814e-003	3.465263e-001
6.249999897583222e-013	3.300000e+000	7.492814e-003	3.465263e-001
1.249999979516644e-012	3.300000e+000	7.492814e-003	3.465263e-001
1.874999969274967e-012	3.300000e+000	7.492814e-003	3.465263e-001
2.499999959033289e-012	3.300000e+000	7.492814e-003	3.465263e-001
3.124999948791611e-012	3.300000e+000	7.492814e-003	3.465263e-001
3.749999938549933e-012	3.300000e+000	7.492814e-003	3.465263e-001
4.374999928308254e-012	3.300000e+000	7.492814e-003	3.465263e-001
8.749999856616508e-012	3.300000e+000	7.492814e-003	3.465263e-001
1.381701117753208e-011	3.299999e+000	7.492813e-003	3.465263e-001
1.898872284204022e-011	3.299999e+000	7.492812e-003	3.465263e-001
2.415176860583643e-011	3.299997e+000	7.492810e-003	3.465263e-001
3.047100523631604e-011	3.299994e+000	7.492804e-003	3.465263e-001
3.870230163646055e-011	3.299989e+000	7.492789e-003	3.465264e-001
4.956112202251354e-011	3.299979e+000	7.492755e-003	3.465264e-001
6.401963518804904e-011	3.299958e+000	7.492670e-003	3.465264e-001
8.373679810147271e-011	3.299912e+000	7.492462e-003	3.465264e-001
1.116193596322421e-010	3.299812e+000	7.491935e-003	3.465264e-001
1.537863771207170e-010	3.299569e+000	7.490494e-003	3.465264e-001
2.281431800886676e-010	3.298879e+000	7.486005e-003	3.465265e-001
3.615482975958321e-010	3.297042e+000	7.473533e-003	3.465266e-001
4.994780817764833e-010	3.294455e+000	7.455810e-003	3.465267e-001
6.797527179730919e-010	3.290285e+000	7.427583e-003	3.465268e-001
7.887941062745995e-010	3.287361e+000	7.408455e-003	3.465269e-001
1.000000000000000e-009	3.281177e+000	7.369153e-003	3.465270e-001
1.021120589372540e-009	3.280517e+000	7.365108e-003	3.465270e-001
1.063361768117620e-009	3.279230e+000	7.357279e-003	3.465270e-001
1.147844125607780e-009	3.276877e+000	7.343550e-003	3.465270e-001
1.316808840588101e-009	3.272930e+000	7.323230e-003	3.465271e-001
1.540463133572931e-009	3.268810e+000	7.307221e-003	3.465271e-001
1.755839535261078e-009	3.265721e+000	7.300648e-003	3.465272e-001
2.002316109134993e-009	3.262822e+000	7.299563e-003	3.465272e-001
2.282337793664987e-009	3.259916e+000	7.302247e-003	3.465272e-001
2.651662004454296e-009	3.256360e+000	7.308573e-003	3.465272e-001
3.112013606843220e-009	3.252090e+000	7.318088e-003	3.465272e-001
3.770620125079440e-009	3.246080e+000	7.332646e-003	3.465272e-001
4.731344755383759e-009	3.237371e+000	7.354332e-003	3.465272e-001
6.496220084152619e-009	3.221457e+000	7.394632e-003	3.465272e-001
1.002597074169034e-008	3.189919e+000	7.476661e-003	3.465272e-001
1.686190824169034e-008	3.129641e+000	7.639635e-003	3.465271e-001
2.369784574169034e-008	3.070365e+000	7.808024e-003	3.465264e-001
3.053378324169034e-008	3.012212e+000	7.982843e-003	3.465248e-001
4.420565824169034e-008	2.899185e+000	8.353186e-003	3.465186e-001
6.471347074169033e-008	2.737534e+000	8.966459e-003	3.465017e-001
7.838534574169032e-008	2.634792e+000	9.419229e-003	3.464853e-001
9.205722074169031e-008	2.535892e+000	9.912282e-003	3.464650e-001
1.057290957416903e-007	2.440689e+000	1.045090e-002	3.464406e-001
1.194009707416903e-007	2.349042e+000	1.104131e-002	3.464121e-001
1.330728457416903e-007	2.260817e+000	1.169096e-002	3.463793e-001
1.467447207416903e-007	2.175885e+000	1.240878e-002	3.463419e-001
1.604165957416903e-007	2.094127e+000	1.320558e-002	3.462997e-001
1.740884707416904e-007	2.015426e+000	1.409457e-002	3.462522e-001
1.809244082416904e-007	1.977188e+000	1.457860e-002	3.462263e-001
1.877603457416904e-007	1.939674e+000	1.509209e-002	3.461989e-001
1.945962832416904e-007	1.902872e+000	1.563773e-002	3.461698e-001
2.014322207416904e-007	1.866771e+000	1.621854e-002	3.461390e-001
2.082681582416904e-007	1.831359e+000	1.683790e-002	3.461063e-001
2.151040957416904e-007	1.796625e+000	1.749968e-002	3.460716e-001
2.219400332416904e-007	1.762559e+000	1.820823e-002	3.460348e-001
2.287759707416904e-007	1.729152e+000	1.896854e-002	3.459957e-001
2.356119082416904e-007	1.696396e+000	1.978627e-002	3.459541e-001
2.424478457416904e-007	1.664282e+000	2.066796e-002	3.459097e-001
2.492837832416904e-007	1.632805e+000	2.162113e-002	3.458624e-001
2.561197207416904e-007	1.601958e+000	2.265446e-002	3.458120e-001
2.629556582416904e-007	1.571738e+000	2.377805e-002	3.457579e-001
2.697915957416904e-007	1.542141e+000	2.500366e-002	3.457000e-001
2.766275332416904e-007	1.513167e+000	2.634507e-002	3.456378e-001
2.834634707416904e-007	1.484816e+000	2.781848e-002	3.455708e-001
2.902994082416904e-007	1.457092e+000	2.944303e-002	3.454985e-001
2.971353457416905e-007	1.430001e+000	3.124143e-002	3.454202e-001
3.039712832416905e-007	1.403553e+000	3.324071e-002	3.453353e-001
3.108072207416905e-007	1.377762e+000	3.547331e-002	3.452429e-001
3.176431582416905e-007	1.352646e+000	3.797822e-002	3.451419e-001
3.244790957416905e-007	1.328231e+000	4.080270e-002	3.450312e-001
3.313150332416905e-007	1.304551e+000	4.400433e-002	3.449094e-001
3.381509707416905e-007	1.281648e+000	4.765384e-002	3.447748e-001
3.449869082416905e-007	1.259579e+000	5.183890e-002	3.446253e-001
3.518228457416905e-007	1.238418e+000	5.666948e-002	3.444585e-001
3.586587832416905e-007	1.218259e+000	6.228548e-002	3.442715e-001
3.654947207416905e-007	1.199232e+000	6.886806e-002	3.440607e-001
3.723306582416905e-007	1.181509e+000	7.665701e-002	3.438214e-001
3.791665957416905e-007	1.165328e+000	8.597770e-002	3.435480e-001
3.860025332416906e-007	1.151029e+000	9.728391e-002	3.432331e-001
3.928384707416906e-007	1.139102e+000	1.112252e-001	3.428671e-001
3.996744082416906e-007	1.130269e+000	1.287471e-001	3.424370e-001
4.065103457416906e-007	1.125261e+000	1.508309e-001	3.419254e-001
4.133462832416906e-007	1.123554e+000	1.769481e-001	3.413116e-001
4.201822207416906e-007	1.123186e+000	2.048005e-001	3.405768e-001
4.270181582416906e-007	1.122884e+000	2.328733e-001	3.397108e-001
4.338540957416906e-007	1.122538e+000	2.610433e-001	3.387127e-001
4.406900332416906e-007	1.122158e+000	2.893300e-001	3.375867e-001
4.475259707416906e-007	1.121739e+000	3.177377e-001	3.363392e-001
4.543619082416906e-007	1.121287e+000	3.462831e-001	3.349768e-001
4.611978457416906e-007	1.120802e+000	3.749745e-001	3.335063e-001
4.680337832416906e-007	1.120286e+000	4.038274e-001	3.319338e-001
4.748697207416906e-007	1.119740e+000	4.328527e-001	3.302652e-001
4.885415957416906e-007	1.118562e+000	4.914811e-001	3.266606e-001
5.022134707416905e-007	1.117275e+000	5.509801e-001	3.227303e-001
5.158853457416904e-007	1.115885e+000	6.114843e-001	3.185056e-001
5.363931582416903e-007	1.113614e+000	7.044623e-001	3.116712e-001
5.569009707416902e-007	1.111121e+000	8.006452e-001	3.042951e-001
5.705728457416901e-007	1.109357e+000	8.660166e-001	2.991071e-001
5.842447207416900e-007	1.107471e+000	9.342256e-001	2.936981e-001
5.979165957416899e-007	1.105461e+000	1.005272e+000	2.880680e-001
6.115884707416898e-007	1.103329e+000	1.079156e+000	2.822170e-001
6.252603457416897e-007	1.101074e+000	1.155878e+000	2.761449e-001
6.389322207416896e-007	1.098696e+000	1.235438e+000	2.698519e-001
6.526040957416895e-007	1.096195e+000	1.317835e+000	2.633378e-001
6.731119082416894e-007	1.092078e+000	1.451274e+000	2.530437e-001
6.936197207416892e-007	1.087501e+000	1.596437e+000	2.420846e-001
7.141275332416891e-007	1.082368e+000	1.755318e+000	2.303637e-001
7.346353457416890e-007	1.076556e+000	1.929894e+000	2.177674e-001
7.551431582416888e-007	1.069906e+000	2.121966e+000	2.041705e-001
7.688150332416887e-007	1.064908e+000	2.260459e+000	1.944866e-001
7.824869082416886e-007	1.059373e+000	2.407660e+000	1.842643e-001
7.961587832416886e-007	1.053206e+000	2.563709e+000	1.734707e-001
8.098306582416885e-007	1.046291e+000	2.728568e+000	1.620786e-001
8.235025332416884e-007	1.038478e+000	2.901975e+000	1.500690e-001
8.303384707416883e-007	1.034176e+000	2.991730e+000	1.438297e-001
8.371744082416883e-007	1.029570e+000	3.083396e+000	1.374344e-001
8.440103457416882e-007	1.024623e+000	3.176850e+000	1.308845e-001
8.508462832416882e-007	1.019294e+000	3.271940e+000	1.241829e-001
8.576822207416881e-007	1.013528e+000	3.368479e+000	1.173338e-001
8.645181582416881e-007	1.007262e+000	3.466237e+000	1.103431e-001
8.713540957416881e-007	1.000417e+000	3.564931e+000	1.032189e-001
8.781900332416880e-007	9.928924e-001	3.664212e+000	9.597130e-002
8.850259707416880e-007	9.845585e-001	3.763639e+000	8.861351e-002
8.918619082416879e-007	9.752471e-001	3.862656e+000	8.116190e-002
8.986978457416879e-007	9.647331e-001	3.960542e+000	7.363692e-002
9.055337832416878e-007	9.527100e-001	4.056348e+000	6.606400e-002
9.123697207416878e-007	9.387524e-001	4.148798e+000	5.847480e-002
9.192056582416877e-007	9.222624e-001	4.236148e+000	5.090884e-002
9.260415957416877e-007	9.023988e-001	4.315991e+000	4.341570e-002
9.328775332416876e-007	8.780097e-001	4.385068e+000	3.605781e-002
9.397134707416876e-007	8.476273e-001	4.439191e+000	2.891361e-002
9.465494082416876e-007	8.096445e-001	4.473587e+000	2.208013e-002
9.533853457416875e-007	7.627583e-001	4.483882e+000	1.567308e-002
9.602212832416875e-007	7.065595e-001	4.467502e+000	9.821966e-003
9.670572207416875e-007	6.419142e-001	4.424723e+000	4.658864e-003
9.738931582416876e-007	5.708802e-001	4.358710e+000	3.027070e-004
9.807290957416876e-007	4.962713e-001	4.274729e+000	-3.156442e-003
9.875650332416877e-007	4.211845e-001	4.179153e+000	-5.668729e-003
9.944009707416878e-007	3.486667e-001	4.078716e+000	-7.229392e-003
1.001236908241688e-006	2.815102e-001	3.979997e+000	-7.877738e-003
1.008072845741688e-006	2.221183e-001	3.889061e+000	-7.691999e-003
1.014908783241688e-006	1.724034e-001	3.811171e+000	-6.781943e-003
1.021744720741688e-006	1.337092e-001	3.750560e+000	-5.280633e-003
1.028580658241688e-006	1.067597e-001	3.710272e+000	-3.336167e-003
1.035416595741688e-006	9.163868e-002	3.692063e+000	-1.103805e-003
1.042252533241688e-006	8.769590e-002	3.696136e+000	1.262319e-003
1.048778684475458e-006	9.355569e-002	3.720528e+000	3.508829e-003
1.055614621975458e-006	1.082097e-001	3.765616e+000	5.716406e-003
1.062450559475458e-006	1.294215e-001	3.827283e+000	7.661998e-003
1.069286496975458e-006	1.550734e-001	3.901978e+000	9.248758e-003
1.076122434475458e-006	1.828321e-001	3.985341e+000	1.040589e-002
1.082958371975458e-006	2.104000e-001	4.072708e+000	1.108923e-002
1.089794309475458e-006	2.356480e-001	4.159382e+000	1.128132e-002
1.096630246975458e-006	2.567297e-001	4.240904e+000	1.099033e-002
1.103466184475458e-006	2.721697e-001	4.313295e+000	1.024811e-002
1.110302121975458e-006	2.809241e-001	4.373266e+000	9.107994e-003
1.117138059475458e-006	2.824102e-001	4.418372e+000	7.642293e-003
1.123973996975458e-006	2.765084e-001	4.447118e+000	5.939427e-003
1.130809934475458e-006	2.637641e-001	4.459608e+000	4.099363e-003
1.136613729080685e-006	2.479032e-001	4.457343e+000	2.503816e-003
1.142138114358617e-006	2.287216e-001	4.443826e+000	1.030557e-003
1.148974051858617e-006	2.010279e-001	4.414796e+000	-6.469543e-004
1.155809989358617e-006	1.705098e-001	4.375337e+000	-2.092444e-003
1.162645926858617e-006	1.384577e-001	4.327805e+000	-3.227703e-003
1.169481864358617e-006	1.064315e-001	4.275559e+000	-4.002429e-003
1.176317801858617e-006	7.593465e-002	4.222059e+000	-4.391305e-003
1.183153739358617e-006	4.833638e-002	4.170666e+000	-4.393998e-003
1.189989676858617e-006	2.480314e-002	4.124461e+000	-4.033322e-003
1.196825614358617e-006	6.242328e-003	4.086093e+000	-3.352039e-003
1.203661551858617e-006	-6.750307e-003	4.057624e+000	-2.409062e-003
1.210445394234056e-006	-1.383746e-002	4.040621e+000	-1.282787e-003
1.217281331734056e-006	-1.517427e-002	4.035559e+000	-3.207662e-005
1.224117269234056e-006	-1.106866e-002	4.042597e+000	1.256162e-003
1.230953206734056e-006	-2.246309e-003	4.060864e+000	2.509728e-003
1.237088739417591e-006	9.075481e-003	4.086051e+000	3.547202e-003
1.243155914497775e-006	2.277452e-002	4.118215e+000	4.436232e-003
1.249991851997775e-006	3.995684e-002	4.160648e+000	5.237994e-003
1.256827789497775e-006	5.780153e-002	4.207165e+000	5.800970e-003
1.263663726997775e-006	7.519086e-002	4.255423e+000	6.097871e-003
1.270499664497775e-006	9.102516e-002	4.302865e+000	6.122120e-003
1.277335601997775e-006	1.043511e-001	4.347081e+000	5.882221e-003
1.284171539497775e-006	1.144087e-001	4.385937e+000	5.400702e-003
1.291007476997775e-006	1.206644e-001	4.417686e+000	4.712436e-003
1.297843414497775e-006	1.228291e-001	4.441050e+000	3.862444e-003
1.304679351997775e-006	1.208621e-001	4.455277e+000	2.903251e-003
1.311515289497775e-006	1.149602e-001	4.460159e+000	1.891869e-003
1.318351226997775e-006	1.055359e-001	4.456023e+000	8.865010e-004
1.325177955089794e-006	9.319906e-002	4.443705e+000	-5.553441e-005
1.332013892589794e-006	7.864978e-002	4.424415e+000	-8.861804e-004
1.338849830089794e-006	6.273250e-002	4.399747e+000	-1.561899e-003
1.345685767589794e-006	4.631924e-002	4.371514e+000	-2.051048e-003
1.352521705089794e-006	3.027815e-002	4.341651e+000	-2.334221e-003
1.359357642589794e-006	1.542526e-002	4.312101e+000	-2.404884e-003
1.366193580089794e-006	2.481507e-003	4.284703e+000	-2.269161e-003
1.373029517589794e-006	-7.963703e-003	4.261101e+000	-1.944820e-003
1.379865455089794e-006	-1.548066e-002	4.242650e+000	-1.459615e-003
1.386701392589794e-006	-1.981787e-002	4.230364e+000	-8.491400e-004
1.393537330089794e-006	-2.091010e-002	4.224862e+000	-1.543750e-004
1.400373267589794e-006	-1.893521e-002	4.226213e+000	5.814299e-004
1.406600674461943e-006	-1.459484e-002	4.233527e+000	1.249873e-003
1.413436611961943e-006	-7.452535e-003	4.247709e+000	1.941515e-003
1.420272549461943e-006	1.531123e-003	4.267184e+000	2.554192e-003
1.427108486961943e-006	1.178684e-002	4.290957e+000	3.055660e-003
1.433944424461943e-006	2.264088e-002	4.317688e+000	3.421738e-003
1.440780361961943e-006	3.341512e-002	4.345922e+000	3.636764e-003
1.447616299461943e-006	4.346594e-002	4.374171e+000	3.694093e-003
1.454452236961943e-006	5.221950e-002	4.401006e+000	3.596087e-003
1.461288174461943e-006	5.920123e-002	4.425132e+000	3.353646e-003
1.468124111961943e-006	6.405821e-002	4.445453e+000	2.985299e-003
1.474960049461943e-006	6.657364e-002	4.461130e+000	2.515924e-003
1.481795986961943e-006	6.667276e-002	4.471620e+000	1.975169e-003
1.488631924461943e-006	6.449973e-002	4.476892e+000	1.395300e-003
1.494416678982758e-006	6.091715e-002	4.477060e+000	8.983471e-004
1.500773584956007e-006	5.531634e-002	4.472825e+000	3.732410e-004
1.507609522456007e-006	4.786695e-002	4.464083e+000	-1.404896e-004
1.514445459956007e-006	3.935918e-002	4.451756e+000	-5.767919e-004
1.521281397456008e-006	3.025964e-002	4.436749e+000	-9.137325e-004
1.528117334956008e-006	2.107978e-002	4.420156e+000	-1.136553e-003
1.534953272456008e-006	1.231643e-002	4.403120e+000	-1.237617e-003
1.541789209956008e-006	4.374262e-003	4.386683e+000	-1.220543e-003
1.547651422883447e-006	-1.431254e-003	4.373920e+000	-1.111245e-003
1.554013114741054e-006	-6.373362e-003	4.362293e+000	-9.004570e-004
1.560849052241054e-006	-1.002060e-002	4.352877e+000	-5.913642e-004
1.567684989741054e-006	-1.183739e-002	4.347144e+000	-2.169114e-004
1.574520927241054e-006	-1.178206e-002	4.345456e+000	2.002482e-004
1.581356864741054e-006	-9.947450e-003	4.347885e+000	6.343972e-004
1.588192802241054e-006	-6.522966e-003	4.354267e+000	1.059952e-003
1.595028739741054e-006	-1.780284e-003	4.364221e+000	1.452881e-003
1.601864677241055e-006	3.934725e-003	4.377131e+000	1.793891e-003
1.608031118012168e-006	9.635435e-003	4.390816e+000	2.039265e-003
1.614867055512168e-006	1.618249e-002	4.407470e+000	2.230003e-003
1.621702993012169e-006	2.257302e-002	4.424758e+000	2.331854e-003
1.628538930512169e-006	2.844836e-002	4.441853e+000	2.340305e-003
1.635374868012169e-006	3.348373e-002	4.457922e+000	2.258086e-003
1.642210805512169e-006	3.741527e-002	4.472223e+000	2.092905e-003
1.649046743012169e-006	4.005239e-002	4.484140e+000	1.856840e-003
1.655882680512169e-006	4.128550e-002	4.493214e+000	1.565508e-003
1.662718618012169e-006	4.108872e-002	4.499162e+000	1.237074e-003
1.669554555512169e-006	3.958055e-002	4.502052e+000	8.905912e-004
1.674942998695537e-006	3.747116e-002	4.502030e+000	6.175977e-004
1.681103324178501e-006	3.415523e-002	4.499563e+000	3.207895e-004
1.687939261678501e-006	2.968828e-002	4.494465e+000	2.423688e-005
1.694775199178501e-006	2.463911e-002	4.487335e+000	-2.242358e-004
1.701611136678501e-006	1.928034e-002	4.478702e+000	-4.120827e-004
1.708447074178502e-006	1.391545e-002	4.469224e+000	-5.313003e-004
1.715283011678502e-006	8.836979e-003	4.459582e+000	-5.780936e-004
1.722118949178502e-006	4.310542e-003	4.450438e+000	-5.529290e-004
1.728954886678502e-006	5.609496e-004	4.442398e+000	-4.603374e-004
1.735790824178502e-006	-2.238916e-003	4.435984e+000	-3.084899e-004
1.742626761678502e-006	-3.975940e-003	4.431605e+000	-1.085832e-004
1.749462699178502e-006	-4.633292e-003	4.429464e+000	1.255318e-004
1.755480062257995e-006	-4.304041e-003	4.429594e+000	3.490855e-004
1.761317325606478e-006	-3.158265e-003	4.431680e+000	5.709652e-004
1.768153263106478e-006	-9.786175e-004	4.436250e+000	8.237608e-004
1.774255928685145e-006	1.590479e-003	4.442046e+000	1.032762e-003
1.780175317280951e-006	4.560245e-003	4.449139e+000	1.209222e-003
1.787011254780951e-006	8.337961e-003	4.458641e+000	1.373162e-003
1.793847192280951e-006	1.225467e-002	4.469037e+000	1.488972e-003
1.800683129780951e-006	1.609236e-002	4.479862e+000	1.550500e-003
1.807519067280951e-006	1.963019e-002	4.490592e+000	1.556088e-003
1.814355004780951e-006	2.267301e-002	4.500726e+000	1.507285e-003
1.821190942280951e-006	2.506133e-002	4.509816e+000	1.408642e-003
1.828026879780951e-006	2.667897e-002	4.517488e+000	1.267350e-003
1.834862817280951e-006	2.745781e-002	4.523460e+000	1.092739e-003
1.841698754780951e-006	2.737978e-002	4.527561e+000	8.956783e-004
1.848534692280951e-006	2.647588e-002	4.529726e+000	6.879066e-004
1.855370629780951e-006	2.482378e-002	4.530006e+000	4.812987e-004
1.862143530012867e-006	2.255990e-002	4.528567e+000	2.890335e-004
1.868979467512867e-006	1.978835e-002	4.525625e+000	1.177697e-004
1.875815405012867e-006	1.669865e-002	4.521509e+000	-2.211097e-005
1.882651342512867e-006	1.346993e-002	4.516587e+000	-1.240504e-004
1.889487280012867e-006	1.028374e-002	4.511261e+000	-1.839262e-004
1.896323217512867e-006	7.312539e-003	4.505939e+000	-2.001543e-004
1.903159155012867e-006	4.710323e-003	4.501015e+000	-1.736815e-004
1.909995092512867e-006	2.604670e-003	4.496842e+000	-1.078339e-004
1.916831030012867e-006	1.090512e-003	4.493720e+000	-8.035193e-006
1.923666967512867e-006	2.047277e-004	4.491829e+000	1.181202e-004
1.929637130604826e-006	-1.772151e-005	4.491344e+000	2.441235e-004
1.935710952803979e-006	3.043484e-004	4.492092e+000	3.810803e-004
1.942546890303979e-006	1.237772e-003	4.494317e+000	5.365851e-004
1.949382827803979e-006	2.684813e-003	4.497882e+000	6.851510e-004
1.956218765303979e-006	4.556844e-003	4.502664e+000	8.186462e-004
1.963054702803979e-006	6.727399e-003	4.508435e+000	9.299269e-004
1.969890640303979e-006	9.057969e-003	4.514919e+000	1.013372e-003
1.976726577803979e-006	1.140630e-002	4.521811e+000	1.065142e-003
1.983562515303979e-006	1.363458e-002	4.528792e+000	1.083324e-003
1.990398452803979e-006	1.561708e-002	4.535550e+000	1.067971e-003
1.997234390303979e-006	1.724680e-002	4.541798e+000	1.021026e-003
2.004070327803979e-006	1.844079e-002	4.547285e+000	9.461406e-004
2.010906265303979e-006	1.914389e-002	4.551814e+000	8.484105e-004
2.017742202803979e-006	1.933081e-002	4.555249e+000	7.340350e-004
2.024578140303979e-006	1.900635e-002	4.557519e+000	6.099273e-004
2.031414077803979e-006	1.820404e-002	4.558622e+000	4.832984e-004
2.038250015303980e-006	1.698993e-002	4.558643e+000	3.609166e-004
2.044457450222341e-006	1.558459e-002	4.557786e+000	2.595017e-004
2.051293387722341e-006	1.379525e-002	4.556040e+000	1.640063e-004
2.058129325222341e-006	1.186822e-002	4.553699e+000	8.920868e-005
2.064965262722341e-006	9.906968e-003	4.550974e+000	3.872353e-005
2.071801200222341e-006	8.019691e-003	4.548116e+000	1.434618e-005
2.078637137722341e-006	6.306451e-003	4.545369e+000	1.632879e-005
2.085473075222341e-006	4.853845e-003	4.542962e+000	4.342429e-005
2.092309012722341e-006	3.730615e-003	4.541098e+000	9.301386e-005
2.099144950222341e-006	2.984430e-003	4.539939e+000	1.613073e-004
2.105980887722341e-006	2.639959e-003	4.539602e+000	2.436019e-004
2.112816825222341e-006	2.698320e-003	4.540152e+000	3.345831e-004
2.119652762722341e-006	3.137877e-003	4.541602e+000	4.286476e-004
2.126488700222342e-006	3.916299e-003	4.543913e+000	5.202302e-004
2.133324637722342e-006	4.973707e-003	4.546999e+000	6.041154e-004
2.140160575222342e-006	6.236720e-003	4.550732e+000	6.757189e-004
2.146996512722342e-006	7.623101e-003	4.554952e+000	7.313206e-004
2.153832450222342e-006	9.046739e-003	4.559477e+000	7.682425e-004
2.160668387722342e-006	1.042267e-002	4.564116e+000	7.849603e-004
2.167504325222342e-006	1.167183e-002	4.568675e+000	7.811468e-004
2.174340262722342e-006	1.272533e-002	4.572973e+000	7.576463e-004
2.181176200222342e-006	1.352791e-002	4.576851e+000	7.163842e-004
2.188012137722342e-006	1.404061e-002	4.580177e+000	6.602189e-004
2.194848075222342e-006	1.424231e-002	4.582857e+000	5.927472e-004
2.201684012722342e-006	1.413028e-002	4.584835e+000	5.180741e-004
2.208519950222342e-006	1.371960e-002	4.586095e+000	4.405623e-004
2.215355887722342e-006	1.304807e-002	4.586685e+000	3.643410e-004
2.221320375403310e-006	1.227430e-002	4.586673e+000	3.023215e-004
2.227745547980386e-006	1.128656e-002	4.586174e+000	2.435559e-004
2.234581485480386e-006	1.013086e-002	4.585240e+000	1.924825e-004
2.241417422980386e-006	8.929613e-003	4.584020e+000	1.553840e-004
2.248253360480386e-006	7.747522e-003	4.582656e+000	1.338787e-004
2.255089297980386e-006	6.647946e-003	4.581300e+000	1.284919e-004
2.261925235480386e-006	5.687296e-003	4.580095e+000	1.388193e-004
2.268761172980386e-006	4.912095e-003	4.579175e+000	1.635838e-004
2.275597110480386e-006	4.345314e-003	4.578623e+000	2.003459e-004
2.281172231583525e-006	4.066036e-003	4.578533e+000	2.379747e-004
2.287481528829948e-006	3.963721e-003	4.578883e+000	2.866781e-004
2.294317466329948e-006	4.079252e-003	4.579778e+000	3.429955e-004
2.301153403829948e-006	4.414862e-003	4.581206e+000	3.998895e-004
2.307989341329948e-006	4.945631e-003	4.583145e+000	4.541244e-004
2.314825278829948e-006	5.631951e-003	4.585532e+000	5.026298e-004
2.321661216329948e-006	6.426897e-003	4.588282e+000	5.427724e-004
2.328497153829948e-006	7.279162e-003	4.591292e+000	5.724893e-004
2.335333091329948e-006	8.136114e-003	4.594448e+000	5.903827e-004
2.342169028829948e-006	8.946822e-003	4.597631e+000	5.957743e-004
2.349004966329948e-006	9.664873e-003	4.600724e+000	5.887178e-004
2.355840903829949e-006	1.025083e-002	4.603622e+000	5.699684e-004
2.362676841329949e-006	1.067419e-002	4.606233e+000	5.409151e-004
2.369512778829949e-006	1.091480e-002	4.608481e+000	5.034794e-004
2.376348716329949e-006	1.096359e-002	4.610317e+000	4.599872e-004
2.383184653829949e-006	1.082266e-002	4.611717e+000	4.130229e-004
2.390020591329949e-006	1.050480e-002	4.612679e+000	3.652736e-004
2.396856528829949e-006	1.003232e-002	4.613229e+000	3.193740e-004
2.403692466329949e-006	9.438990e-003	4.613425e+000	2.774107e-004
2.409206477016552e-006	8.892063e-003	4.613357e+000	2.480050e-004
2.414570853649082e-006	8.320061e-003	4.613121e+000	2.248979e-004
2.421406791149082e-006	7.575330e-003	4.612680e+000	2.035478e-004
2.428242728649083e-006	6.849632e-003	4.612173e+000	1.913690e-004
2.435078666149083e-006	6.179151e-003	4.611681e+000	1.890614e-004
2.441914603649083e-006	5.597740e-003	4.611292e+000	1.963051e-004
2.448750541149083e-006	5.133006e-003	4.611085e+000	2.122527e-004
2.455586478649083e-006	4.804972e-003	4.611126e+000	2.355965e-004
2.462422416149083e-006	4.625228e-003	4.611463e+000	2.646593e-004
2.469258353649083e-006	4.596579e-003	4.612126e+000	2.975032e-004
2.476094291149083e-006	4.713206e-003	4.613126e+000	3.320481e-004
2.482930228649083e-006	4.961306e-003	4.614453e+000	3.661950e-004
2.489766166149083e-006	5.320167e-003	4.616079e+000	3.979450e-004
2.496602103649083e-006	5.763587e-003	4.617961e+000	4.255082e-004
2.503438041149083e-006	6.261558e-003	4.620042e+000	4.473975e-004
2.510273978649083e-006	6.782101e-003	4.622254e+000	4.625013e-004
2.517109916149083e-006	7.293148e-003	4.624527e+000	4.701324e-004
2.523945853649083e-006	7.764358e-003	4.626788e+000	4.700517e-004
2.530781791149083e-006	8.168766e-003	4.628966e+000	4.624651e-004
2.537617728649084e-006	8.484188e-003	4.630999e+000	4.479959e-004
2.544453666149084e-006	8.694300e-003	4.632835e+000	4.276343e-004
2.551289603649084e-006	8.789337e-003	4.634435e+000	4.026685e-004
2.558125541149084e-006	8.766414e-003	4.635772e+000	3.746007e-004
2.564961478649084e-006	8.629428e-003	4.636838e+000	3.450548e-004
2.571797416149084e-006	8.388599e-003	4.637638e+000	3.156798e-004
2.578633353649084e-006	8.059653e-003	4.638193e+000	2.880562e-004
2.585469291149084e-006	7.662732e-003	4.638536e+000	2.636080e-004
2.592305228649084e-006	7.221106e-003	4.638711e+000	2.435292e-004
2.599141166149084e-006	6.759732e-003	4.638770e+000	2.287231e-004
2.605977103649084e-006	6.303794e-003	4.638769e+000	2.197631e-004
2.612813041149084e-006	5.877264e-003	4.638764e+000	2.168710e-004
2.619648978649084e-006	5.501595e-003	4.638812e+000	2.199184e-004
2.626484916149084e-006	5.194603e-003	4.638962e+000	2.284458e-004
2.633320853649084e-006	4.969586e-003	4.639256e+000	2.417011e-004
2.640156791149084e-006	4.834739e-003	4.639726e+000	2.586930e-004
2.646992728649084e-006	4.792876e-003	4.640394e+000	2.782552e-004
2.653828666149085e-006	4.841463e-003	4.641267e+000	2.991193e-004
2.660664603649085e-006	4.972956e-003	4.642344e+000	3.199897e-004
2.667500541149085e-006	5.175409e-003	4.643608e+000	3.396184e-004
2.674336478649085e-006	5.433309e-003	4.645035e+000	3.568730e-004
2.681172416149085e-006	5.728582e-003	4.646591e+000	3.707973e-004
2.688008353649085e-006	6.041710e-003	4.648236e+000	3.806584e-004
2.694844291149085e-006	6.352885e-003	4.649927e+000	3.859801e-004
2.701680228649085e-006	6.643141e-003	4.651618e+000	3.865607e-004
2.708516166149085e-006	6.895395e-003	4.653265e+000	3.824742e-004
2.715352103649085e-006	7.095348e-003	4.654830e+000	3.740565e-004
2.722188041149085e-006	7.232185e-003	4.656278e+000	3.618766e-004
2.729023978649085e-006	7.299070e-003	4.657583e+000	3.466962e-004
2.735859916149085e-006	7.293375e-003	4.658728e+000	3.294198e-004
2.742695853649085e-006	7.216685e-003	4.659705e+000	3.110381e-004
2.749531791149085e-006	7.074554e-003	4.660516e+000	2.925691e-004
2.756367728649085e-006	6.876043e-003	4.661172e+000	2.749994e-004
2.763203666149086e-006	6.633080e-003	4.661692e+000	2.592294e-004
2.770039603649086e-006	6.359689e-003	4.662101e+000	2.460259e-004
2.776875541149086e-006	6.071115e-003	4.662432e+000	2.359827e-004
2.783711478649086e-006	5.782920e-003	4.662717e+000	2.294943e-004
2.790547416149086e-006	5.510092e-003	4.662993e+000	2.267398e-004
2.797383353649086e-006	5.266218e-003	4.663294e+000	2.276812e-004
2.804219291149086e-006	5.062766e-003	4.663651e+000	2.320730e-004
2.811055228649086e-006	4.908516e-003	4.664093e+000	2.394841e-004
2.817891166149086e-006	4.809154e-003	4.664639e+000	2.493281e-004
2.824727103649086e-006	4.767071e-003	4.665303e+000	2.609031e-004
2.831563041149086e-006	4.781335e-003	4.666095e+000	2.734347e-004
2.838398978649086e-006	4.847875e-003	4.667011e+000	2.861230e-004
2.845234916149086e-006	4.959814e-003	4.668046e+000	2.981882e-004
2.852070853649086e-006	5.107969e-003	4.669183e+000	3.089148e-004
2.858906791149086e-006	5.281444e-003	4.670403e+000	3.176887e-004
2.865742728649086e-006	5.468316e-003	4.671684e+000	3.240291e-004
2.872578666149086e-006	5.656342e-003	4.672997e+000	3.276106e-004
2.879414603649087e-006	5.833668e-003	4.674314e+000	3.282757e-004
2.886250541149087e-006	5.989476e-003	4.675609e+000	3.260381e-004
2.893086478649087e-006	6.114571e-003	4.676856e+000	3.210756e-004
2.899922416149087e-006	6.201832e-003	4.678035e+000	3.137140e-004
2.906758353649087e-006	6.246544e-003	4.679127e+000	3.044036e-004
2.913594291149087e-006	6.246581e-003	4.680121e+000	2.936891e-004
2.920430228649087e-006	6.202426e-003	4.681011e+000	2.821754e-004
2.927266166149087e-006	6.117051e-003	4.681797e+000	2.704911e-004
2.934102103649087e-006	5.995664e-003	4.682484e+000	2.592524e-004
2.940938041149087e-006	5.845329e-003	4.683084e+000	2.490282e-004
2.947773978649087e-006	5.674499e-003	4.683612e+000	2.403102e-004
2.954609916149087e-006	5.492491e-003	4.684086e+000	2.334873e-004
2.961445853649087e-006	5.308926e-003	4.684527e+000	2.288273e-004
2.968281791149087e-006	5.133174e-003	4.684958e+000	2.264666e-004
2.975117728649087e-006	4.973835e-003	4.685400e+000	2.264067e-004
2.981953666149087e-006	4.838277e-003	4.685873e+000	2.285191e-004
2.988789603649087e-006	4.730404e-003	4.686389e+000	2.324809e-004
2.994164062500000e-006	4.664355e-003	4.686829e+000	2.365973e-004
2.998164062500000e-006	4.632855e-003	4.687191e+000	2.403706e-004
2.999984375000003e-006	4.623008e-003	4.687365e+000	2.422228e-004
3.001000000000000e-006	4.618526e-003	4.687464e+000	2.432813e-004
3.001001985972809e-006	4.618538e-003	4.687464e+000	2.432834e-004
3.001005957918428e-006	4.618631e-003	4.687464e+000	2.432876e-004
3.001011915438674e-006	4.619016e-003	4.687465e+000	2.432938e-004
3.001017963109254e-006	4.620058e-003	4.687466e+000	2.433002e-004
3.001030058450412e-006	4.624812e-003	4.687467e+000	2.433130e-004
3.001045820005718e-006	4.636754e-003	4.687469e+000	2.433296e-004
3.001061426842319e-006	4.656726e-003	4.687470e+000	2.433461e-004
3.001075965572983e-006	4.684852e-003	4.687472e+000	2.433614e-004
3.001091570213873e-006	4.729599e-003	4.687474e+000	2.433779e-004
3.001121322673271e-006	4.857784e-003	4.687478e+000	2.434093e-004
3.001166701168791e-006	5.173831e-003	4.687487e+000	2.434573e-004
3.001257458159831e-006	6.172106e-003	4.687518e+000	2.435533e-004
3.001364020261518e-006	7.947396e-003	4.687585e+000	2.436661e-004
3.001519280353754e-006	1.159618e-002	4.687754e+000	2.438305e-004
3.001683474407794e-006	1.647694e-002	4.688023e+000	2.440039e-004
3.001765219501872e-006	1.934755e-002	4.688203e+000	2.440899e-004
3.001857419380055e-006	2.297020e-002	4.688452e+000	2.441862e-004
3.001950608148525e-006	2.704377e-002	4.688759e+000	2.442826e-004
3.002000000000000e-006	2.932161e-002	4.688939e+000	2.443332e-004
3.002034574296033e-006	3.097785e-002	4.689076e+000	2.443684e-004
3.002074087777214e-006	3.287121e-002	4.689242e+000	2.444081e-004
3.002153114739575e-006	3.656843e-002	4.689602e+000	2.444862e-004
3.002311168664298e-006	4.354984e-002	4.690400e+000	2.446347e-004
3.002600189457091e-006	5.541521e-002	4.691998e+000	2.448809e-004
3.002868448656418e-006	6.572286e-002	4.693579e+000	2.450665e-004
3.003221448886491e-006	7.868581e-002	4.695735e+000	2.452224e-004
3.003595643716409e-006	9.211624e-002	4.698049e+000	2.452283e-004
3.004209774307967e-006	1.138438e-001	4.701849e+000	2.448015e-004
3.004991902580695e-006	1.411784e-001	4.706654e+000	2.431425e-004
3.006480845868598e-006	1.923212e-001	4.715651e+000	2.354866e-004
3.009076806539328e-006	2.790349e-001	4.730839e+000	2.065779e-004
3.013249735655030e-006	4.125754e-001	4.753862e+000	1.183484e-004
3.018725149749415e-006	5.772509e-001	4.780616e+000	-7.302096e-005
3.025561087249416e-006	7.653025e-001	4.802026e+000	-4.060217e-004
3.031028680788651e-006	8.954884e-001	4.793629e+000	-7.186669e-004
3.034198569877746e-006	9.530631e-001	4.758274e+000	-8.961744e-004
3.036747599902791e-006	9.822702e-001	4.697464e+000	-1.000981e-003
3.039651002546039e-006	9.993246e-001	4.597089e+000	-1.027252e-003
3.043127122659757e-006	1.007561e+000	4.455092e+000	-8.729603e-004
3.046983696240692e-006	1.010328e+000	4.289284e+000	-3.835908e-004
3.052107467063633e-006	1.011770e+000	4.072787e+000	8.564807e-004
3.058943404563633e-006	1.014352e+000	3.798467e+000	3.431222e-003
3.065779342063633e-006	1.018378e+000	3.541903e+000	6.964101e-003
3.072615279563633e-006	1.023654e+000	3.303492e+000	1.138539e-002
3.079451217063633e-006	1.029690e+000	3.081952e+000	1.653704e-002
3.086287154563633e-006	1.036054e+000	2.876042e+000	2.226692e-002
3.093123092063633e-006	1.042416e+000	2.684634e+000	2.844136e-002
3.099959029563633e-006	1.048544e+000	2.506709e+000	3.496223e-002
3.106794967063634e-006	1.054283e+000	2.341323e+000	4.179989e-002
3.113630904563634e-006	1.059542e+000	2.187575e+000	4.905112e-002
3.120466842063634e-006	1.064276e+000	2.044599e+000	5.700114e-002
3.127302779563634e-006	1.068488e+000	1.911557e+000	6.607354e-002
3.134138717063634e-006	1.072223e+000	1.787657e+000	7.650385e-002
3.140974654563634e-006	1.075567e+000	1.672154e+000	8.789380e-002
3.147810592063634e-006	1.078630e+000	1.564345e+000	9.923843e-002
3.154646529563634e-006	1.081523e+000	1.463548e+000	1.095900e-001
3.161482467063634e-006	1.084330e+000	1.369083e+000	1.186228e-001
3.168318404563634e-006	1.087105e+000	1.280278e+000	1.265573e-001
3.175154342063634e-006	1.089869e+000	1.196481e+000	1.337787e-001
3.181990279563634e-006	1.092626e+000	1.117084e+000	1.406019e-001
3.188826217063634e-006	1.095373e+000	1.041530e+000	1.472256e-001
3.195662154563634e-006	1.098098e+000	9.693282e-001	1.537588e-001
3.202498092063634e-006	1.100793e+000	9.000451e-001	1.602534e-001
3.216169967063634e-006	1.106060e+000	7.687871e-001	1.731919e-001
3.229841842063635e-006	1.111128e+000	6.453333e-001	1.860557e-001
3.243513717063635e-006	1.115979e+000	5.278852e-001	1.987955e-001
3.264021529563635e-006	1.122841e+000	3.601335e-001	2.175823e-001
3.277693404563635e-006	1.127152e+000	2.525335e-001	2.298591e-001
3.284529342063635e-006	1.129234e+000	1.997347e-001	2.359200e-001
3.291365279563635e-006	1.133190e+000	1.498488e-001	2.419268e-001
3.298201217063635e-006	1.144457e+000	1.094718e-001	2.478650e-001
3.305037154563635e-006	1.166169e+000	8.248860e-002	2.537028e-001
3.310850402695047e-006	1.191046e+000	6.805211e-002	2.585391e-001
3.316991853047241e-006	1.220632e+000	5.766808e-002	2.634657e-001
3.323827790547241e-006	1.255373e+000	4.929897e-002	2.687093e-001
3.330663728047241e-006	1.291043e+000	4.309363e-002	2.736844e-001
3.337499665547242e-006	1.327074e+000	3.838203e-002	2.783775e-001
3.344335603047242e-006	1.363106e+000	3.470752e-002	2.827909e-001
3.351171540547242e-006	1.398912e+000	3.177185e-002	2.869327e-001
3.358007478047242e-006	1.434351e+000	2.938040e-002	2.908141e-001
3.364843415547242e-006	1.469334e+000	2.739695e-002	2.944480e-001
3.371679353047242e-006	1.503803e+000	2.572746e-002	2.978479e-001
3.378515290547242e-006	1.537723e+000	2.430282e-002	3.010273e-001
3.385351228047242e-006	1.571072e+000	2.307324e-002	3.039995e-001
3.392187165547242e-006	1.603840e+000	2.200068e-002	3.067774e-001
3.399023103047242e-006	1.636020e+000	2.105678e-002	3.093731e-001
3.405859040547242e-006	1.667614e+000	2.021915e-002	3.117982e-001
3.412694978047242e-006	1.698623e+000	1.947062e-002	3.140639e-001
3.419530915547242e-006	1.729053e+000	1.879724e-002	3.161803e-001
3.426366853047242e-006	1.758911e+000	1.818808e-002	3.181573e-001
3.433202790547242e-006	1.788205e+000	1.763405e-002	3.200040e-001
3.440038728047242e-006	1.816942e+000	1.712786e-002	3.217289e-001
3.446874665547243e-006	1.845133e+000	1.666334e-002	3.233401e-001
3.453710603047243e-006	1.872786e+000	1.623547e-002	3.248450e-001
3.460546540547243e-006	1.899912e+000	1.583992e-002	3.262507e-001
3.467382478047243e-006	1.926519e+000	1.547311e-002	3.275637e-001
3.474218415547243e-006	1.952617e+000	1.513190e-002	3.287902e-001
3.487890290547243e-006	2.003325e+000	1.451613e-002	3.310060e-001
3.501562165547243e-006	2.052113e+000	1.397541e-002	3.329396e-001
3.515234040547243e-006	2.099052e+000	1.349664e-002	3.346272e-001
3.528905915547243e-006	2.144214e+000	1.306969e-002	3.361003e-001
3.542577790547243e-006	2.187668e+000	1.268660e-002	3.373864e-001
3.556249665547243e-006	2.229479e+000	1.234098e-002	3.385095e-001
3.569921540547244e-006	2.269711e+000	1.202767e-002	3.394904e-001
3.583593415547244e-006	2.308423e+000	1.174244e-002	3.403473e-001
3.597265290547244e-006	2.345675e+000	1.148180e-002	3.410961e-001
3.610937165547244e-006	2.381522e+000	1.124280e-002	3.417506e-001
3.624609040547244e-006	2.416019e+000	1.102299e-002	3.423229e-001
3.638280915547244e-006	2.449216e+000	1.082026e-002	3.428234e-001
3.651952790547244e-006	2.481163e+000	1.063281e-002	3.432613e-001
3.665624665547244e-006	2.511907e+000	1.045909e-002	3.436446e-001
3.679296540547245e-006	2.541495e+000	1.029776e-002	3.439803e-001
3.692968415547245e-006	2.569970e+000	1.014764e-002	3.442743e-001
3.706640290547245e-006	2.597373e+000	1.000770e-002	3.445320e-001
3.720312165547245e-006	2.623747e+000	9.877035e-003	3.447579e-001
3.733984040547245e-006	2.649130e+000	9.754844e-003	3.449562e-001
3.747655915547245e-006	2.673559e+000	9.640412e-003	3.451302e-001
3.761327790547245e-006	2.697069e+000	9.533104e-003	3.452831e-001
3.774999665547245e-006	2.719697e+000	9.432350e-003	3.454176e-001
3.788671540547246e-006	2.741475e+000	9.337640e-003	3.455358e-001
3.802343415547246e-006	2.762434e+000	9.248514e-003	3.456399e-001
3.816015290547246e-006	2.782607e+000	9.164553e-003	3.457317e-001
3.829687165547246e-006	2.802022e+000	9.085384e-003	3.458126e-001
3.843359040547246e-006	2.820709e+000	9.010664e-003	3.458841e-001
3.857030915547246e-006	2.838694e+000	8.940081e-003	3.459472e-001
3.870702790547246e-006	2.856003e+000	8.873351e-003	3.460031e-001
3.884374665547246e-006	2.872663e+000	8.810216e-003	3.460526e-001
3.898046540547246e-006	2.888697e+000	8.750437e-003	3.460965e-001
3.911718415547247e-006	2.904130e+000	8.693796e-003	3.461355e-001
3.925390290547247e-006	2.918984e+000	8.640092e-003	3.461702e-001
3.939062165547247e-006	2.933280e+000	8.589141e-003	3.462011e-001
3.952734040547247e-006	2.947039e+000	8.540772e-003	3.462287e-001
3.966405915547247e-006	2.960282e+000	8.494830e-003	3.462533e-001
3.980077790547247e-006	2.973028e+000	8.451166e-003	3.462753e-001
3.986913728047247e-006	2.979221e+000	8.430148e-003	3.462855e-001
3.993749665547247e-006	2.985321e+000	8.409555e-003	3.462952e-001
3.994749665547247e-006	2.986203e+000	8.406580e-003	3.462966e-001
3.996749665547246e-006	2.987953e+000	8.400700e-003	3.462993e-001
3.997749665547246e-006	2.988826e+000	8.397735e-003	3.463006e-001
3.998000000000001e-006	2.989044e+000	8.397012e-003	3.463009e-001
3.998500668905510e-006	2.989479e+000	8.395579e-003	3.463016e-001
3.998998662188981e-006	2.989911e+000	8.394202e-003	3.463022e-001
3.999004013433057e-006	2.989916e+000	8.394182e-003	3.463022e-001
3.999036120897510e-006	2.989944e+000	8.394048e-003	3.463023e-001
3.999078930850114e-006	2.989981e+000	8.393904e-003	3.463024e-001
3.999164550755323e-006	2.990055e+000	8.393647e-003	3.463025e-001
3.999335790565741e-006	2.990203e+000	8.393150e-003	3.463027e-001
3.999678270186575e-006	2.990500e+000	8.392157e-003	3.463031e-001
4.000000000000000e-006	2.990778e+000	8.391225e-003	3.463036e-001
4.000032172981342e-006	2.990769e+000	8.390944e-003	3.463036e-001
4.000096518944027e-006	2.990661e+000	8.389786e-003	3.463037e-001
4.000166386415043e-006	2.990345e+000	8.387046e-003	3.463038e-001
4.000250874801278e-006	2.989627e+000	8.380988e-003	3.463039e-001
4.000348363148232e-006	2.988383e+000	8.370436e-003	3.463040e-001
4.000457328305243e-006	2.986550e+000	8.354946e-003	3.463041e-001
4.000565675849296e-006	2.984299e+000	8.336319e-003	3.463043e-001
4.000739404236451e-006	2.980172e+000	8.302930e-003	3.463045e-001
4.000782863431163e-006	2.979040e+000	8.294005e-003	3.463046e-001
4.000869781820587e-006	2.976592e+000	8.275297e-003	3.463047e-001
4.001000000000000e-006	2.972784e+000	8.246773e-003	3.463049e-001
4.001013021817941e-006	2.972386e+000	8.243870e-003	3.463049e-001
4.001039065453823e-006	2.971598e+000	8.238132e-003	3.463049e-001
4.001091152725589e-006	2.970094e+000	8.227305e-003	3.463050e-001
4.001195327269119e-006	2.967447e+000	8.209396e-003	3.463051e-001
4.001403676356180e-006	2.963139e+000	8.184564e-003	3.463054e-001
4.001603749664834e-006	2.959938e+000	8.171631e-003	3.463056e-001
4.001837418202644e-006	2.957036e+000	8.166421e-003	3.463059e-001
4.002070631160299e-006	2.954611e+000	8.166819e-003	3.463063e-001
4.002385159863328e-006	2.951705e+000	8.171680e-003	3.463067e-001
4.002745946665832e-006	2.948584e+000	8.179768e-003	3.463072e-001
4.003260426483717e-006	2.944281e+000	8.193041e-003	3.463078e-001
4.003923895166553e-006	2.938806e+000	8.210979e-003	3.463087e-001
4.005032447806128e-006	2.929712e+000	8.241463e-003	3.463102e-001
4.006921634464233e-006	2.914299e+000	8.294030e-003	3.463127e-001
4.010700007780440e-006	2.883763e+000	8.401250e-003	3.463174e-001
4.017535945280440e-006	2.829256e+000	8.600764e-003	3.463251e-001
4.024371882780440e-006	2.775662e+000	8.807523e-003	3.463315e-001
4.038043757780440e-006	2.671494e+000	9.247240e-003	3.463393e-001
4.044879695280441e-006	2.620880e+000	9.481257e-003	3.463406e-001
4.051715632780441e-006	2.571222e+000	9.725493e-003	3.463403e-001
4.058551570280441e-006	2.522501e+000	9.980595e-003	3.463383e-001
4.065387507780441e-006	2.474699e+000	1.024726e-002	3.463347e-001
4.079059382780441e-006	2.381782e+000	1.081842e-002	3.463227e-001
4.092731257780441e-006	2.292334e+000	1.144595e-002	3.463046e-001
4.106403132780441e-006	2.206227e+000	1.213819e-002	3.462803e-001
4.120075007780441e-006	2.123334e+000	1.290522e-002	3.462498e-001
4.133746882780441e-006	2.043541e+000	1.375934e-002	3.462129e-001
4.147418757780441e-006	1.966735e+000	1.471565e-002	3.461693e-001
4.154254695280441e-006	1.929419e+000	1.523782e-002	3.461447e-001
4.161090632780442e-006	1.892812e+000	1.579294e-002	3.461183e-001
4.167926570280442e-006	1.856903e+000	1.638412e-002	3.460899e-001
4.174762507780442e-006	1.821679e+000	1.701487e-002	3.460594e-001
4.181598445280442e-006	1.787131e+000	1.768918e-002	3.460267e-001
4.188434382780442e-006	1.753248e+000	1.841158e-002	3.459916e-001
4.195270320280442e-006	1.720023e+000	1.918722e-002	3.459541e-001
4.202106257780442e-006	1.687445e+000	2.002200e-002	3.459138e-001
4.208942195280442e-006	1.655508e+000	2.092271e-002	3.458706e-001
4.215778132780442e-006	1.624206e+000	2.189717e-002	3.458242e-001
4.222614070280442e-006	1.593533e+000	2.295444e-002	3.457745e-001
4.229450007780442e-006	1.563485e+000	2.410503e-002	3.457209e-001
4.236285945280442e-006	1.534061e+000	2.536123e-002	3.456633e-001
4.243121882780442e-006	1.505259e+000	2.673746e-002	3.456012e-001
4.249957820280442e-006	1.477081e+000	2.825066e-002	3.455341e-001
4.256793757780442e-006	1.449532e+000	2.992088e-002	3.454614e-001
4.263629695280442e-006	1.422618e+000	3.177196e-002	3.453825e-001
4.270465632780443e-006	1.396350e+000	3.383231e-002	3.452966e-001
4.277301570280443e-006	1.370743e+000	3.613604e-002	3.452028e-001
4.284137507780443e-006	1.345819e+000	3.872425e-002	3.451002e-001
4.290973445280443e-006	1.321603e+000	4.164682e-002	3.449874e-001
4.297809382780443e-006	1.298133e+000	4.496465e-002	3.448630e-001
4.304645320280443e-006	1.275455e+000	4.875272e-002	3.447251e-001
4.311481257780443e-006	1.253629e+000	5.310426e-002	3.445718e-001
4.318317195280443e-006	1.232734e+000	5.813662e-002	3.444004e-001
4.325153132780443e-006	1.212874e+000	6.399978e-002	3.442078e-001
4.331989070280443e-006	1.194188e+000	7.088907e-002	3.439901e-001
4.338825007780443e-006	1.176864e+000	7.906470e-002	3.437425e-001
4.345660945280443e-006	1.161165e+000	8.888244e-002	3.434590e-001
4.352496882780443e-006	1.147465e+000	1.008422e-001	3.431315e-001
4.359332820280443e-006	1.136310e+000	1.156638e-001	3.427496e-001
4.366168757780443e-006	1.128501e+000	1.343968e-001	3.422993e-001
4.373004695280443e-006	1.124538e+000	1.577457e-001	3.417618e-001
4.379840632780443e-006	1.123385e+000	1.845605e-001	3.411164e-001
4.386676570280444e-006	1.123106e+000	2.125565e-001	3.403462e-001
4.393512507780444e-006	1.122791e+000	2.406553e-001	3.394438e-001
4.400348445280444e-006	1.122436e+000	2.688565e-001	3.384100e-001
4.407184382780444e-006	1.122044e+000	2.971756e-001	3.372501e-001
4.414020320280444e-006	1.121616e+000	3.256203e-001	3.359703e-001
4.420856257780444e-006	1.121156e+000	3.542049e-001	3.345776e-001
4.427692195280444e-006	1.120662e+000	3.829397e-001	3.330784e-001
4.434528132780444e-006	1.120137e+000	4.118390e-001	3.314790e-001
4.448200007780444e-006	1.119000e+000	4.701827e-001	3.280015e-001
4.461871882780444e-006	1.117752e+000	5.293520e-001	3.241854e-001
4.475543757780444e-006	1.116399e+000	5.894762e-001	3.200642e-001
4.496051570280445e-006	1.114181e+000	6.817751e-001	3.133693e-001
4.516559382780445e-006	1.111742e+000	7.771243e-001	3.061195e-001
4.530231257780445e-006	1.110013e+000	8.418765e-001	3.010073e-001
4.543903132780445e-006	1.108164e+000	9.093340e-001	2.956758e-001
4.557575007780445e-006	1.106195e+000	9.794969e-001	2.901251e-001
4.571246882780445e-006	1.104108e+000	1.052365e+000	2.843550e-001
4.584918757780445e-006	1.101901e+000	1.127939e+000	2.783657e-001
4.598590632780445e-006	1.099574e+000	1.206217e+000	2.721570e-001
4.612262507780446e-006	1.097128e+000	1.287202e+000	2.657291e-001
4.632770320280446e-006	1.093109e+000	1.418101e+000	2.555830e-001
4.653278132780446e-006	1.088652e+000	1.560258e+000	2.447924e-001
4.673785945280446e-006	1.083663e+000	1.715647e+000	2.332651e-001
4.694293757780446e-006	1.078027e+000	1.886265e+000	2.208911e-001
4.714801570280446e-006	1.071596e+000	2.073970e+000	2.075472e-001
4.728473445280447e-006	1.066773e+000	2.209377e+000	1.980491e-001
4.742145320280447e-006	1.061442e+000	2.353404e+000	1.880256e-001
4.755817195280447e-006	1.055516e+000	2.506248e+000	1.774422e-001
4.769489070280447e-006	1.048887e+000	2.667938e+000	1.662692e-001
4.783160945280447e-006	1.041419e+000	2.838300e+000	1.544845e-001
4.789996882780447e-006	1.037317e+000	2.926610e+000	1.483584e-001
4.796832820280447e-006	1.032933e+000	3.016904e+000	1.420759e-001
4.803668757780447e-006	1.028237e+000	3.109077e+000	1.356376e-001
4.810504695280447e-006	1.023189e+000	3.203001e+000	1.290455e-001
4.817340632780447e-006	1.017745e+000	3.298512e+000	1.223025e-001
4.824176570280447e-006	1.011848e+000	3.395413e+000	1.154136e-001
4.831012507780447e-006	1.005431e+000	3.493461e+000	1.083851e-001
4.837848445280448e-006	9.984085e-001	3.592356e+000	1.012256e-001
4.844684382780448e-006	9.906746e-001	3.691727e+000	9.394607e-002
4.851520320280448e-006	9.820904e-001	3.791105e+000	8.656050e-002
4.858356257780448e-006	9.724717e-001	3.889889e+000	7.908635e-002
4.865192195280448e-006	9.615738e-001	3.987304e+000	7.154535e-002
4.872028132780448e-006	9.490637e-001	4.082325e+000	6.396446e-002
4.878864070280448e-006	9.344742e-001	4.173563e+000	5.637732e-002
4.885700007780448e-006	9.171472e-001	4.259110e+000	4.882604e-002
4.892535945280448e-006	8.961612e-001	4.336342e+000	4.136345e-002
4.899371882780448e-006	8.702721e-001	4.401736e+000	3.405608e-002
4.906207820280448e-006	8.379451e-001	4.450885e+000	2.698731e-002
4.913043757780448e-006	7.976019e-001	4.479001e+000	2.025950e-002
4.919879695280448e-006	7.481294e-001	4.482064e+000	1.399294e-002
4.926715632780448e-006	6.894507e-001	4.458221e+000	8.319220e-003
4.933551570280448e-006	6.227905e-001	4.408589e+000	3.368439e-003
4.940387507780448e-006	5.504661e-001	4.337015e+000	-7.469986e-004
4.947223445280448e-006	4.754124e-001	4.249161e+000	-3.947282e-003
4.954059382780449e-006	4.007395e-001	4.151566e+000	-6.194823e-003
4.960895320280449e-006	3.294401e-001	4.050961e+000	-7.497368e-003
4.967731257780449e-006	2.642106e-001	3.953819e+000	-7.905632e-003
4.974567195280449e-006	2.073277e-001	3.866006e+000	-7.507371e-003
4.981403132780449e-006	1.605530e-001	3.792521e+000	-6.419632e-003
4.988239070280449e-006	1.250629e-001	3.737281e+000	-4.780453e-003
4.995075007780449e-006	1.014048e-001	3.702982e+000	-2.740680e-003
5.001910945280449e-006	8.948632e-002	3.691016e+000	-4.562342e-004
5.008746882780449e-006	8.859918e-002	3.701462e+000	1.919058e-003
5.015582820280449e-006	9.747948e-002	3.733151e+000	4.240012e-003
5.022418757780449e-006	1.144004e-001	3.783778e+000	6.375908e-003
5.029254695280449e-006	1.372918e-001	3.850082e+000	8.215434e-003
5.036090632780449e-006	1.638778e-001	3.928061e+000	9.670512e-003
5.042926570280449e-006	1.918211e-001	4.013229e+000	1.067881e-002
5.049762507780449e-006	2.188646e-001	4.100881e+000	1.120482e-002
5.056598445280449e-006	2.429586e-001	4.186367e+000	1.123948e-002
5.063434382780450e-006	2.623678e-001	4.265359e+000	1.079882e-002
5.070270320280450e-006	2.757503e-001	4.334078e+000	9.921847e-003
5.077106257780450e-006	2.822088e-001	4.389491e+000	8.668276e-003
5.083942195280450e-006	2.813106e-001	4.429452e+000	7.115957e-003
5.090778132780450e-006	2.730808e-001	4.452783e+000	5.357720e-003
5.097614070280450e-006	2.579706e-001	4.459297e+000	3.497018e-003
5.104450007780450e-006	2.368053e-001	4.449761e+000	1.642096e-003
5.111285945280450e-006	2.107167e-001	4.425803e+000	-1.010536e-004
5.118121882780450e-006	1.810649e-001	4.389778e+000	-1.636123e-003
5.124957820280450e-006	1.493535e-001	4.344601e+000	-2.883225e-003
5.131793757780450e-006	1.171428e-001	4.293554e+000	-3.784003e-003
5.138629695280450e-006	8.596480e-002	4.240085e+000	-4.304593e-003
5.145465632780450e-006	5.724239e-002	4.187608e+000	-4.436343e-003
5.152301570280450e-006	3.221773e-002	4.139321e+000	-4.194545e-003
5.159137507780450e-006	1.189133e-002	4.098034e+000	-3.615649e-003
5.165973445280450e-006	-3.024574e-003	4.066034e+000	-2.753418e-003
5.172809382780450e-006	-1.213618e-002	4.044987e+000	-1.674472e-003
5.179645320280451e-006	-1.538013e-002	4.035867e+000	-4.535935e-004
5.186481257780451e-006	-1.307570e-002	4.038796e+000	8.315850e-004
5.192974479479646e-006	-6.342003e-003	4.052091e+000	2.046730e-003
5.198294901533947e-006	2.281782e-003	4.070725e+000	2.988238e-003
5.204532013180147e-006	1.525948e-002	4.100429e+000	3.977030e-003
5.211367950680147e-006	3.167089e-002	4.139943e+000	4.884281e-003
5.218203888180147e-006	4.932208e-002	4.184739e+000	5.566712e-003
5.225039825680147e-006	6.707373e-002	4.232499e+000	5.991553e-003
5.231875763180147e-006	8.377658e-002	4.280645e+000	6.144910e-003
5.238711700680147e-006	9.840118e-002	4.326682e+000	6.028228e-003
5.245547638180147e-006	1.100908e-001	4.368326e+000	5.657565e-003
5.252383575680147e-006	1.182012e-001	4.403637e+000	5.062187e-003
5.259219513180147e-006	1.223261e-001	4.431105e+000	4.282616e-003
5.266055450680147e-006	1.223076e-001	4.449724e+000	3.368177e-003
5.272891388180147e-006	1.183251e-001	4.459266e+000	2.374037e-003
5.279012466349194e-006	1.115077e-001	4.459817e+000	1.462541e-003
5.285528047692458e-006	1.012370e-001	4.452397e+000	5.211901e-004
5.292363985192458e-006	8.792866e-002	4.437179e+000	-3.846019e-004
5.299199922692458e-006	7.276247e-002	4.415660e+000	-1.161321e-003
5.306035860192458e-006	5.655395e-002	4.389424e+000	-1.769795e-003
5.312871797692458e-006	4.018000e-002	4.360344e+000	-2.182881e-003
5.319707735192459e-006	2.449456e-002	4.330372e+000	-2.385996e-003
5.326543672692459e-006	1.028257e-002	4.301424e+000	-2.377449e-003
5.333379610192459e-006	-1.780721e-003	4.275277e+000	-2.167913e-003
5.340215547692459e-006	-1.116329e-002	4.253473e+000	-1.779150e-003
5.347051485192459e-006	-1.750098e-002	4.237247e+000	-1.242143e-003
5.353887422692459e-006	-2.061218e-002	4.227468e+000	-5.948207e-004
5.360723360192459e-006	-2.050176e-002	4.224603e+000	1.204768e-004
5.367559297692459e-006	-1.735434e-002	4.228713e+000	8.595982e-004
5.374395235192459e-006	-1.151737e-002	4.239463e+000	1.579126e-003
5.381231172692459e-006	-3.525014e-003	4.255992e+000	2.242751e-003
5.387061586446909e-006	4.620040e-003	4.274075e+000	2.737135e-003
5.392625448936496e-006	1.319238e-002	4.294256e+000	3.119340e-003
5.399461386436496e-006	2.411124e-002	4.321432e+000	3.459706e-003
5.406297323936497e-006	3.482426e-002	4.349753e+000	3.653691e-003
5.413133261436497e-006	4.473185e-002	4.377893e+000	3.689778e-003
5.419969198936497e-006	5.327196e-002	4.404436e+000	3.571518e-003
5.426805136436497e-006	5.998527e-002	4.428108e+000	3.310899e-003
5.433641073936497e-006	6.453653e-002	4.447846e+000	2.927385e-003
5.440477011436497e-006	6.672788e-002	4.462850e+000	2.446594e-003
5.447312948936497e-006	6.650373e-002	4.472617e+000	1.898684e-003
5.454148886436497e-006	6.404007e-002	4.477196e+000	1.315921e-003
5.459729569199310e-006	6.041728e-002	4.476941e+000	8.365462e-004
5.465420856265257e-006	5.530275e-002	4.472881e+000	3.678461e-004
5.472256793765257e-006	4.780128e-002	4.463989e+000	-1.443308e-004
5.479092731265257e-006	3.928694e-002	4.451638e+000	-5.798860e-004
5.485928668765258e-006	3.018500e-002	4.436613e+000	-9.159357e-004
5.492764606265258e-006	2.100688e-002	4.420013e+000	-1.137779e-003
5.499600543765258e-006	1.224916e-002	4.402979e+000	-1.237838e-003
5.506436481265258e-006	4.314005e-003	4.386549e+000	-1.219945e-003
5.512260309532963e-006	-1.448232e-003	4.373878e+000	-1.110908e-003
5.518602429614773e-006	-6.371492e-003	4.362293e+000	-9.005201e-004
5.525438367114773e-006	-1.001795e-002	4.352878e+000	-5.913944e-004
5.532274304614773e-006	-1.183524e-002	4.347144e+000	-2.169742e-004
5.539110242114773e-006	-1.178050e-002	4.345455e+000	2.001582e-004
5.545946179614773e-006	-9.946490e-003	4.347883e+000	6.342870e-004
5.552782117114773e-006	-6.522610e-003	4.354264e+000	1.059829e-003
5.559618054614773e-006	-1.780500e-003	4.364217e+000	1.452754e-003
5.566453992114773e-006	3.933998e-003	4.377126e+000	1.793768e-003
5.572620255526194e-006	9.634160e-003	4.390809e+000	2.039145e-003
5.579456193026194e-006	1.618090e-002	4.407462e+000	2.229902e-003
5.586292130526194e-006	2.257124e-002	4.424749e+000	2.331778e-003
5.593128068026194e-006	2.844653e-002	4.441844e+000	2.340258e-003
5.599964005526194e-006	3.348197e-002	4.457913e+000	2.258070e-003
5.606799943026194e-006	3.741370e-002	4.472214e+000	2.092920e-003
5.613635880526194e-006	4.005112e-002	4.484132e+000	1.856885e-003
5.620471818026194e-006	4.128461e-002	4.493206e+000	1.565580e-003
5.627307755526194e-006	4.108828e-002	4.499155e+000	1.237168e-003
5.634143693026195e-006	3.958049e-002	4.502046e+000	8.907036e-004
5.639534035304667e-006	3.747058e-002	4.502025e+000	6.176255e-004
5.645695314152945e-006	3.415432e-002	4.499557e+000	3.207842e-004
5.652531251652945e-006	2.968751e-002	4.494460e+000	2.424715e-005
5.659367189152945e-006	2.463849e-002	4.487330e+000	-2.242099e-004
5.666203126652945e-006	1.927992e-002	4.478697e+000	-4.120428e-004
5.673039064152945e-006	1.391526e-002	4.469220e+000	-5.312487e-004
5.679875001652945e-006	8.837034e-003	4.459579e+000	-5.780333e-004
5.686710939152945e-006	4.310844e-003	4.450434e+000	-5.528634e-004
5.693546876652946e-006	5.614839e-004	4.442395e+000	-4.602700e-004
5.700382814152946e-006	-2.238175e-003	4.435982e+000	-3.084242e-004
5.707218751652946e-006	-3.975030e-003	4.431603e+000	-1.085225e-004
5.714054689152946e-006	-4.632230e-003	4.429463e+000	1.255851e-004
5.720072725768561e-006	-4.302797e-003	4.429594e+000	3.491552e-004
5.725910976864598e-006	-3.156688e-003	4.431680e+000	5.710617e-004
5.732746914364598e-006	-9.768162e-004	4.436251e+000	8.238385e-004
5.738852567688798e-006	1.593813e-003	4.442050e+000	1.032913e-003
5.744776410687394e-006	4.566045e-003	4.449150e+000	1.209464e-003
5.751612348187394e-006	8.343889e-003	4.458653e+000	1.373337e-003
5.758448285687394e-006	1.226048e-002	4.469049e+000	1.489067e-003
5.765284223187394e-006	1.609771e-002	4.479875e+000	1.550513e-003
5.772120160687394e-006	1.963481e-002	4.490604e+000	1.556022e-003
5.778956098187394e-006	2.267666e-002	4.500737e+000	1.507145e-003
5.785792035687394e-006	2.506385e-002	4.509824e+000	1.408440e-003
5.792627973187394e-006	2.668026e-002	4.517493e+000	1.267100e-003
5.799463910687394e-006	2.745784e-002	4.523464e+000	1.092457e-003
5.806299848187394e-006	2.737860e-002	4.527561e+000	8.953801e-004
5.813135785687394e-006	2.647360e-002	4.529723e+000	6.876104e-004
5.819971723187394e-006	2.482069e-002	4.530002e+000	4.810174e-004
5.826738959194517e-006	2.255820e-002	4.528563e+000	2.889370e-004
5.833574896694517e-006	1.978640e-002	4.525620e+000	1.177006e-004
5.840410834194517e-006	1.669669e-002	4.521503e+000	-2.215320e-005
5.847246771694517e-006	1.346808e-002	4.516581e+000	-1.240642e-004
5.854082709194517e-006	1.028210e-002	4.511255e+000	-1.839117e-004
5.860918646694517e-006	7.311192e-003	4.505934e+000	-2.001133e-004
5.867754584194517e-006	4.709346e-003	4.501010e+000	-1.736171e-004
5.874590521694517e-006	2.604108e-003	4.496838e+000	-1.077504e-004
5.881426459194517e-006	1.090385e-003	4.493717e+000	-7.937906e-006
5.888262396694517e-006	2.051372e-004	4.491827e+000	1.182280e-004
5.894236791843308e-006	-1.687263e-005	4.491343e+000	2.443261e-004
5.900313715953260e-006	3.060623e-004	4.492093e+000	3.813518e-004
5.907149653453260e-006	1.240324e-003	4.494320e+000	5.368445e-004
5.913985590953260e-006	2.688100e-003	4.497888e+000	6.853854e-004
5.920821528453260e-006	4.560650e-003	4.502671e+000	8.188431e-004
5.927657465953260e-006	6.731490e-003	4.508444e+000	9.300766e-004
5.934493403453261e-006	9.062101e-003	4.514929e+000	1.013468e-003
5.941329340953261e-006	1.141023e-002	4.521821e+000	1.065180e-003
5.948165278453261e-006	1.363810e-002	4.528801e+000	1.083305e-003
5.955001215953261e-006	1.562001e-002	4.535559e+000	1.067898e-003
5.961837153453261e-006	1.724899e-002	4.541804e+000	1.020905e-003
5.968673090953261e-006	1.844214e-002	4.547290e+000	9.459798e-004
5.975509028453261e-006	1.914437e-002	4.551817e+000	8.482207e-004
5.982344965953261e-006	1.933040e-002	4.555251e+000	7.338279e-004
5.989180903453261e-006	1.900513e-002	4.557519e+000	6.097152e-004
5.996016840953261e-006	1.820209e-002	4.558620e+000	4.830935e-004
6.002852778453261e-006	1.698747e-002	4.558640e+000	3.607263e-004
6.009053082669990e-006	1.558347e-002	4.557783e+000	2.594455e-004
6.015889020169990e-006	1.379401e-002	4.556036e+000	1.639699e-004
6.022724957669990e-006	1.186700e-002	4.553694e+000	8.918973e-005
6.029560895169990e-006	9.905841e-003	4.550971e+000	3.872267e-005
6.036396832669990e-006	8.018723e-003	4.548112e+000	1.436289e-005
6.043232770169990e-006	6.305693e-003	4.545365e+000	1.636159e-005
6.050068707669990e-006	4.853334e-003	4.542959e+000	4.347085e-005
6.056904645169990e-006	3.730374e-003	4.541096e+000	9.307113e-005
6.063740582669991e-006	2.984466e-003	4.539937e+000	1.613717e-004
6.070576520169991e-006	2.640262e-003	4.539600e+000	2.436698e-004
6.077412457669991e-006	2.698865e-003	4.540152e+000	3.346506e-004
6.084248395169991e-006	3.138629e-003	4.541602e+000	4.287109e-004
6.091084332669991e-006	3.917208e-003	4.543914e+000	5.202860e-004
6.097920270169991e-006	4.974720e-003	4.547000e+000	6.041611e-004
6.104756207669991e-006	6.237778e-003	4.550733e+000	6.757522e-004
6.111592145169991e-006	7.624145e-003	4.554953e+000	7.313403e-004
6.118428082669991e-006	9.047713e-003	4.559478e+000	7.682481e-004
6.125264020169991e-006	1.042352e-002	4.564116e+000	7.849521e-004
6.132099957669991e-006	1.167253e-002	4.568675e+000	7.811259e-004
6.138935895169991e-006	1.272583e-002	4.572973e+000	7.576144e-004
6.145771832669991e-006	1.352820e-002	4.576851e+000	7.163436e-004
6.152607770169991e-006	1.404068e-002	4.580177e+000	6.601724e-004
6.159443707669991e-006	1.424218e-002	4.582856e+000	5.926978e-004
6.166279645169991e-006	1.412995e-002	4.584834e+000	5.180245e-004
6.173115582669991e-006	1.371911e-002	4.586094e+000	4.405157e-004
6.179951520169992e-006	1.304747e-002	4.586683e+000	3.642992e-004
6.185913657097378e-006	1.227395e-002	4.586670e+000	3.023090e-004
6.192337675081017e-006	1.128639e-002	4.586172e+000	2.435591e-004
6.199173612581018e-006	1.013072e-002	4.585238e+000	1.924899e-004
6.206009550081018e-006	8.929519e-003	4.584018e+000	1.553946e-004
6.212845487581018e-006	7.747483e-003	4.582654e+000	1.338920e-004
6.219681425081018e-006	6.647968e-003	4.581298e+000	1.285074e-004
6.226517362581018e-006	5.687377e-003	4.580094e+000	1.388360e-004
6.233353300081018e-006	4.912232e-003	4.579173e+000	1.636009e-004
6.240189237581018e-006	4.345488e-003	4.578621e+000	2.003621e-004
6.245763009906684e-006	4.066288e-003	4.578531e+000	2.379802e-004
6.252071699486896e-006	3.963969e-003	4.578882e+000	2.866765e-004
6.258907636986896e-006	4.079459e-003	4.579777e+000	3.429910e-004
6.265743574486896e-006	4.415016e-003	4.581205e+000	3.998825e-004
6.272579511986897e-006	4.945730e-003	4.583143e+000	4.541156e-004
6.279415449486897e-006	5.631994e-003	4.585530e+000	5.026199e-004
6.286251386986897e-006	6.426889e-003	4.588280e+000	5.427622e-004
6.293087324486897e-006	7.279109e-003	4.591290e+000	5.724795e-004
6.299923261986897e-006	8.136024e-003	4.594445e+000	5.903740e-004
6.306759199486897e-006	8.946705e-003	4.597628e+000	5.957674e-004
6.313595136986897e-006	9.664739e-003	4.600722e+000	5.887131e-004
6.320431074486897e-006	1.025069e-002	4.603621e+000	5.699663e-004
6.327267011986897e-006	1.067406e-002	4.606230e+000	5.409158e-004
6.334102949486897e-006	1.091469e-002	4.608479e+000	5.034828e-004
6.340938886986897e-006	1.096350e-002	4.610315e+000	4.599933e-004
6.347774824486897e-006	1.082261e-002	4.611715e+000	4.130313e-004
6.354610761986897e-006	1.050480e-002	4.612677e+000	3.652840e-004
6.361446699486897e-006	1.003236e-002	4.613227e+000	3.193858e-004
6.368282636986897e-006	9.439069e-003	4.613423e+000	2.774229e-004
6.373794783089668e-006	8.892363e-003	4.613355e+000	2.480274e-004
6.379162564340893e-006	8.320027e-003	4.613119e+000	2.249059e-004
6.385998501840893e-006	7.575332e-003	4.612679e+000	2.035561e-004
6.392834439340893e-006	6.849665e-003	4.612171e+000	1.913783e-004
6.399670376840893e-006	6.179216e-003	4.611679e+000	1.890713e-004
6.406506314340893e-006	5.597836e-003	4.611290e+000	1.963152e-004
6.413342251840893e-006	5.133128e-003	4.611084e+000	2.122625e-004
6.420178189340893e-006	4.805115e-003	4.611125e+000	2.356055e-004
6.427014126840893e-006	4.625386e-003	4.611462e+000	2.646672e-004
6.433850064340893e-006	4.596745e-003	4.612125e+000	2.975097e-004
6.440686001840893e-006	4.713373e-003	4.613125e+000	3.320530e-004
6.447521939340893e-006	4.961467e-003	4.614452e+000	3.661982e-004
6.454357876840893e-006	5.320316e-003	4.616078e+000	3.979465e-004
6.461193814340893e-006	5.763719e-003	4.617960e+000	4.255081e-004
6.468029751840893e-006	6.261668e-003	4.620041e+000	4.473960e-004
6.474865689340894e-006	6.782186e-003	4.622253e+000	4.624985e-004
6.481701626840894e-006	7.293208e-003	4.624526e+000	4.701288e-004
6.488537564340894e-006	7.764391e-003	4.626786e+000	4.700476e-004
6.495373501840894e-006	8.168774e-003	4.628964e+000	4.624608e-004
6.502209439340894e-006	8.484175e-003	4.630998e+000	4.479918e-004
6.509045376840894e-006	8.694269e-003	4.632834e+000	4.276307e-004
6.515881314340894e-006	8.789293e-003	4.634433e+000	4.026657e-004
6.522717251840894e-006	8.766362e-003	4.635771e+000	3.745990e-004
6.529553189340894e-006	8.629375e-003	4.636837e+000	3.450543e-004
6.536389126840894e-006	8.388549e-003	4.637637e+000	3.156806e-004
6.543225064340894e-006	8.059611e-003	4.638191e+000	2.880582e-004
6.550061001840894e-006	7.662703e-003	4.638535e+000	2.636114e-004
6.556896939340894e-006	7.221092e-003	4.638710e+000	2.435336e-004
6.563732876840894e-006	6.759738e-003	4.638769e+000	2.287285e-004
6.570568814340894e-006	6.303820e-003	4.638767e+000	2.197691e-004
6.577404751840894e-006	5.877309e-003	4.638763e+000	2.168775e-004
6.584240689340894e-006	5.501660e-003	4.638811e+000	2.199250e-004
6.591076626840895e-006	5.194684e-003	4.638961e+000	2.284522e-004
6.597912564340895e-006	4.969681e-003	4.639255e+000	2.417072e-004
6.604748501840895e-006	4.834844e-003	4.639725e+000	2.586984e-004
6.611584439340895e-006	4.792986e-003	4.640392e+000	2.782598e-004
6.618420376840895e-006	4.841574e-003	4.641266e+000	2.991229e-004
6.625256314340895e-006	4.973065e-003	4.642343e+000	3.199923e-004
6.632092251840895e-006	5.175511e-003	4.643607e+000	3.396199e-004
6.638928189340895e-006	5.433401e-003	4.645034e+000	3.568735e-004
6.645764126840895e-006	5.728661e-003	4.646590e+000	3.707969e-004
6.652600064340895e-006	6.041774e-003	4.648235e+000	3.806572e-004
6.659436001840895e-006	6.352933e-003	4.649926e+000	3.859783e-004
6.666271939340895e-006	6.643172e-003	4.651616e+000	3.865585e-004
6.673107876840895e-006	6.895411e-003	4.653264e+000	3.824719e-004
6.679943814340895e-006	7.095350e-003	4.654828e+000	3.740543e-004
6.686779751840895e-006	7.232176e-003	4.656276e+000	3.618747e-004
6.693615689340895e-006	7.299052e-003	4.657581e+000	3.466948e-004
6.700451626840896e-006	7.293351e-003	4.658727e+000	3.294190e-004
6.707287564340896e-006	7.216660e-003	4.659704e+000	3.110380e-004
6.714123501840896e-006	7.074530e-003	4.660515e+000	2.925698e-004
6.720959439340896e-006	6.876023e-003	4.661170e+000	2.750009e-004
6.727795376840896e-006	6.633068e-003	4.661690e+000	2.592317e-004
6.734631314340896e-006	6.359687e-003	4.662100e+000	2.460289e-004
6.741467251840896e-006	6.071124e-003	4.662430e+000	2.359863e-004
6.748303189340896e-006	5.782941e-003	4.662716e+000	2.294983e-004
6.755139126840896e-006	5.510125e-003	4.662992e+000	2.267441e-004
6.761975064340896e-006	5.266263e-003	4.663293e+000	2.276856e-004
6.768811001840896e-006	5.062822e-003	4.663651e+000	2.320774e-004
6.775646939340896e-006	4.908580e-003	4.664092e+000	2.394882e-004
6.782482876840896e-006	4.809225e-003	4.664638e+000	2.493319e-004
6.789318814340896e-006	4.767145e-003	4.665302e+000	2.609064e-004
6.796154751840896e-006	4.781411e-003	4.666094e+000	2.734374e-004
6.802990689340896e-006	4.847950e-003	4.667010e+000	2.861250e-004
6.809826626840896e-006	4.959885e-003	4.668045e+000	2.981896e-004
6.816662564340897e-006	5.108034e-003	4.669182e+000	3.089155e-004
6.823498501840897e-006	5.281501e-003	4.670403e+000	3.176889e-004
6.830334439340897e-006	5.468364e-003	4.671682e+000	3.240288e-004
6.837170376840897e-006	5.656381e-003	4.672995e+000	3.276099e-004
6.844006314340897e-006	5.833696e-003	4.674313e+000	3.282747e-004
6.850842251840897e-006	5.989495e-003	4.675608e+000	3.260371e-004
6.857678189340897e-006	6.114580e-003	4.676855e+000	3.210746e-004
6.864514126840897e-006	6.201833e-003	4.678033e+000	3.137131e-004
6.871350064340897e-006	6.246541e-003	4.679126e+000	3.044030e-004
6.878186001840897e-006	6.246574e-003	4.680120e+000	2.936889e-004
6.885021939340897e-006	6.202416e-003	4.681010e+000	2.821755e-004
6.891857876840897e-006	6.117043e-003	4.681796e+000	2.704918e-004
6.898693814340897e-006	5.995658e-003	4.682483e+000	2.592535e-004
6.905529751840897e-006	5.845327e-003	4.683083e+000	2.490299e-004
6.912365689340897e-006	5.674503e-003	4.683611e+000	2.403124e-004
6.919201626840897e-006	5.492501e-003	4.684085e+000	2.334898e-004
6.926037564340898e-006	5.308944e-003	4.684526e+000	2.288301e-004
6.932873501840898e-006	5.133200e-003	4.684958e+000	2.264696e-004
6.939709439340898e-006	4.973868e-003	4.685399e+000	2.264098e-004
6.946545376840898e-006	4.838316e-003	4.685871e+000	2.285222e-004
6.953381314340898e-006	4.732308e-003	4.686392e+000	2.325604e-004
6.960217251840898e-006	4.659737e-003	4.686975e+000	2.381783e-004
6.967053189340898e-006	4.622472e-003	4.687629e+000	2.449529e-004
6.973889126840898e-006	4.620322e-003	4.688360e+000	2.524114e-004
6.980725064340898e-006	4.651124e-003	4.689169e+000	2.600596e-004
6.987561001840898e-006	4.710936e-003	4.690051e+000	2.674107e-004
6.994396939340898e-006	4.790765e-003	4.690987e+000	2.742660e-004
6.998396939340897e-006	4.848643e-003	4.691568e+000	2.777144e-004
6.999396939340896e-006	4.864007e-003	4.691716e+000	2.785006e-004
7.000000000000000e-006	4.873378e-003	4.691806e+000	2.789630e-004
